IMU Data
-0.001833,-0.029016,-0.008858,-10.419566,-0.306458,-1.762132
0.002443,0.023518,-0.022297,-9.346963,-0.689530,-1.379060
0.001527,-0.010996,-0.021075,-9.730036,-0.919373,-1.149217
0.010385,-0.024740,-0.021686,-9.500192,-1.072602,-0.612916
0.007330,-0.012828,-0.011606,-9.500192,-1.072602,-0.612916
0.013134,-0.006109,-0.030849,-9.423578,-0.842759,-2.145205
0.019853,-0.002138,-0.018631,-9.883264,-1.072602,-0.919373
0.022297,-0.014355,-0.021991,-10.036493,-0.612916,-0.612916
0.027184,-0.025351,-0.053451,-9.959879,-2.068590,-1.455675
0.010385,-0.022297,-0.044593,-9.270349,-1.532289,-1.225831
0.017715,-0.031154,-0.033292,-10.036493,-0.995988,-0.689530
-0.000611,-0.004581,0.024740,-9.883264,-0.766145,-0.919373
0.003665,-0.015882,0.013439,-10.036493,-0.766145,-0.689530
0.019853,-0.008858,0.033903,-10.036493,-0.766145,-0.689530
0.005803,-0.039095,-0.018326,-9.117120,-0.766145,-1.762132
-0.004276,-0.026267,-0.007941,-9.040505,-0.536301,-1.608904
-0.025045,-0.011606,-0.004581,-11.109096,-0.919373,-1.608904
-0.019548,-0.000000,-0.012217,-9.959879,-0.536301,-1.302446
-0.056200,-0.007330,0.009774,-9.423578,0.612916,-0.306458
-0.076969,0.011912,0.003971,-9.193734,-0.842759,0.153229
-0.101404,0.029322,0.038485,-10.036493,-0.153229,-2.528277
-0.107207,0.033292,0.031154,-10.342951,0.383072,-0.689530
-0.119730,0.037263,0.038179,-10.802638,-0.000000,-2.375048
-0.143859,-0.012523,-0.031154,-9.959879,-0.995988,-2.298434
-0.189063,-0.011301,-0.057421,-10.036493,1.455675,-1.532289
-0.247095,0.003360,-0.034514,-9.653421,0.229843,-0.383072
-0.264810,0.034819,0.053756,-11.722011,-0.536301,-0.229843
-0.264199,0.069639,0.006414,-10.649409,1.608904,-3.447650
-0.229380,0.073304,-0.060476,-9.423578,1.762132,-2.987964
-0.195171,0.101404,-0.162796,-12.258312,1.225831,-2.758120
-0.214414,-0.001833,-0.102625,-11.109096,-2.068590,0.000000
-0.193033,0.079412,0.008247,-8.963891,0.229843,-1.608904
-0.172569,0.092241,-0.047342,-12.717999,-1.072602,-2.375048
-0.173180,0.049786,0.030543,-6.665457,-2.758120,-0.076614
-0.162796,0.023213,0.167683,-11.645397,-2.758120,-3.217807
-0.142026,0.048564,0.179900,-9.040505,-1.991976,-2.604891
-0.119424,0.039095,0.152411,-10.113108,-0.842759,-2.145205
-0.058948,-0.011301,0.102625,-9.040505,0.076614,-1.379060
-0.014355,0.021075,0.025045,-10.266337,1.915361,-3.830723
0.050091,-0.053756,-0.041844,-8.810662,-2.604891,-2.604891
0.111483,-0.069639,-0.053451,-8.810662,-1.072602,-0.383072
0.102014,-0.050702,-0.048258,-10.879252,-1.838747,0.383072
0.116064,-0.039401,0.016799,-10.726023,-1.915361,-1.991976
0.105680,-0.058948,0.065363,-11.798626,-3.830723,-1.685518
0.131641,-0.034819,0.146608,-9.346963,-1.149217,-2.451662
0.101709,0.000611,0.116675,-9.653421,1.302446,-1.379060
0.075442,-0.018021,0.067806,-9.576807,0.306458,-1.915361
0.017410,-0.050396,0.090103,-9.576807,0.766145,-1.838747
0.004276,0.026267,0.066279,-6.665457,-1.608904,0.000000
0.009468,-0.029932,0.070555,-9.193734,1.225831,-3.217807
0.021380,-0.011606,0.019242,-9.040505,0.689530,-0.919373
0.026267,0.045815,-0.002749,-9.193734,0.766145,-1.225831
0.042150,0.137445,-0.026267,-11.568782,0.153229,-1.302446
-0.006414,0.124617,0.008247,-9.959879,-1.608904,-0.459687
0.027794,0.084605,-0.002749,-8.197746,1.149217,-3.294421
0.034208,0.044593,-0.019548,-14.173674,-0.536301,-4.673482
0.007330,-0.112705,-0.020159,-10.955867,-3.294421,-7.738060
0.014966,-0.178373,0.001833,-8.121132,-0.383072,-3.677494
0.021380,-0.186008,0.043371,-4.826711,0.076614,-1.838747
0.037263,-0.150884,0.043982,-9.193734,1.532289,-2.758120
0.035736,-0.136834,-0.069333,-8.427590,1.991976,1.225831
0.054672,-0.022907,-0.078496,-9.730036,1.762132,0.000000
0.056200,0.144775,-0.115759,-11.109096,0.766145,-1.991976
0.026878,0.260534,-0.071166,-10.955867,-2.528277,-1.991976
0.024435,0.211665,0.032681,-9.653421,-0.153229,-5.822698
0.015882,0.027489,0.040317,-8.197746,-0.689530,-4.213795
0.032987,-0.007636,-0.000916,-7.508216,-0.842759,-3.141193
0.010690,-0.057727,0.058643,-9.576807,0.995988,-3.217807
0.006720,-0.053145,0.076969,-11.415554,-0.459687,-3.677494
0.007025,-0.078191,0.095906,-8.580819,-2.834735,-0.919373
-0.005803,-0.048564,0.201891,-7.431602,-2.298434,1.149217
0.007941,-0.064141,0.217163,-10.496180,3.371036,-3.600879
-0.008247,-0.086437,0.063530,-8.044518,0.842759,-3.754108
-0.021991,-0.047647,0.081245,-10.036493,2.834735,-2.451662
0.025045,-0.035736,0.046426,-11.722011,2.604891,-2.681506
-0.003054,-0.034819,0.024435,-10.036493,1.072602,-1.915361
-0.031460,-0.047037,0.107818,-9.653421,-2.145205,-3.600879
-0.002443,-0.032987,0.105069,-7.508216,1.685518,-1.455675
0.086437,0.138972,0.015272,-9.346963,2.987964,-3.294421
0.145691,0.082772,-0.116981,-7.814674,3.754108,-4.443638
0.132863,0.023824,-0.195171,-9.730036,0.076614,-3.524265
0.117897,-0.048564,-0.153022,-8.274361,-0.076614,-3.217807
0.076969,0.105374,-0.132558,-11.338939,-0.383072,-1.991976
0.059865,0.022297,-0.052840,-9.193734,0.689530,-1.532289
0.009163,-0.048258,0.039706,-10.419566,0.153229,-6.129156
0.010996,-0.014966,0.079718,-7.967903,-0.612916,-4.903325
0.003665,-0.037263,0.051313,-8.197746,-0.459687,-3.677494
-0.087659,-0.047342,0.010079,-11.722011,1.532289,-3.677494
-0.067806,-0.025656,0.029627,-11.185710,0.689530,-2.068590
-0.119730,-0.014355,0.042761,-10.496180,3.294421,-0.995988
-0.140194,0.066279,0.038179,-8.734048,4.060566,-2.758120
-0.214719,0.013439,0.040012,-9.423578,2.451662,-1.762132
-0.222355,-0.015882,-0.020464,-7.431602,2.221819,-1.685518
-0.215330,0.021075,-0.071471,-10.113108,3.217807,-3.064578
-0.187536,-0.008858,-0.135612,-10.113108,3.217807,-3.064578
-0.139888,-0.017104,-0.153327,-9.500192,-0.383072,-2.451662
-0.066279,0.053145,-0.161268,-9.959879,1.762132,-1.072602
-0.016493,0.022297,-0.174402,-9.423578,0.689530,-3.371036
0.031154,0.004276,-0.176845,-7.661445,-1.455675,-0.842759
0.055589,0.036346,-0.148135,-8.734048,-0.153229,-1.532289
0.083994,0.006720,-0.141721,-10.802638,0.459687,0.229843
0.051007,0.015272,-0.100487,-11.032481,-2.604891,-1.379060
0.046426,0.017410,-0.111788,-9.653421,-0.766145,-2.681506
0.029932,-0.023518,-0.085521,-9.806650,-1.302446,-3.217807
0.032376,-0.048258,-0.024740,-7.738060,-1.302446,-3.830723
0.020769,-0.007636,-0.025962,-10.572795,-0.842759,-3.294421
-0.008552,0.012217,-0.014966,-8.887277,-1.532289,-1.532289
0.025962,-0.000916,-0.000611,-9.500192,0.766145,-3.447650
0.018937,0.000916,-0.014966,-9.346963,-0.995988,-1.991976
0.020159,0.044899,0.010079,-10.189722,-0.689530,-2.375048
0.018937,0.003665,0.046120,-9.806650,-0.536301,-2.681506
0.033292,-0.014355,0.045815,-9.883264,0.229843,-1.225831
0.016493,-0.017104,0.000611,-10.802638,0.076614,-1.685518
0.013134,-0.012523,0.023213,-10.342951,-1.072602,-2.681506
0.007636,0.016493,0.070860,-8.121132,-1.225831,-2.681506
0.012523,-0.016799,0.052229,-9.653421,0.229843,-2.987964
-0.008247,-0.083689,0.048258,-10.649409,0.995988,-4.596867
0.026878,-0.108429,-0.021686,-9.959879,0.383072,-1.685518
-0.044593,0.024129,0.083383,-7.201759,0.229843,-0.766145
-0.069333,0.043982,0.162490,-8.044518,-0.842759,-2.834735
-0.121868,0.033292,0.174707,-8.580819,0.689530,-2.681506
-0.156687,0.036041,0.094990,-11.032481,4.673482,-2.451662
-0.087048,0.054062,-0.105985,-10.419566,4.520253,-2.604891
-0.045815,0.072388,-0.207083,-8.887277,1.838747,-3.830723
0.028405,0.006109,-0.156076,-8.197746,-0.689530,-2.375048
-0.010385,-0.103847,0.022297,-6.665457,-3.524265,-2.681506
-0.024435,-0.072998,0.113010,-8.350975,-1.991976,-2.375048
0.022907,0.075136,-0.058338,-10.419566,3.754108,-2.375048
0.090408,0.030849,-0.104153,-10.726023,2.375048,-2.068590
0.071777,0.002443,-0.093768,-7.891289,2.298434,-3.371036
0.079718,0.003360,-0.085521,-8.044518,-0.689530,-1.762132
0.021686,0.082772,-0.014050,-10.572795,-0.689530,-3.907337
-0.032376,-0.016493,0.040317,-8.657433,-0.612916,-2.145205
0.015577,-0.063225,0.038790,-10.113108,-0.766145,-1.762132
0.035736,0.021075,-0.036346,-10.113108,-0.766145,-1.762132
0.051313,0.076664,-0.038790,-6.818686,-1.072602,-3.907337
0.047953,0.067195,0.009774,-9.730036,-0.076614,-4.903325
0.024129,0.048564,0.015577,-10.113108,-0.842759,-3.677494
0.021686,0.043982,0.000611,-9.883264,-0.459687,-1.685518
0.002749,0.009774,0.061697,-7.891289,0.612916,-3.830723
0.019548,0.011912,-0.016799,-10.113108,1.762132,-4.367024
0.014355,-0.088575,0.006109,-5.746084,0.076614,-3.064578
0.014966,-0.040317,-0.030238,-10.036493,2.145205,-3.064578
0.040012,-0.079107,-0.071166,-11.262325,-0.306458,-5.209783
-0.002443,-0.123700,0.021686,-11.798626,0.459687,-3.677494
0.051007,0.063835,0.026267,-12.794614,0.689530,-6.052542
0.032070,-0.041844,0.020769,-6.052542,0.919373,-3.677494
0.032070,-0.041233,0.004276,-8.044518,0.689530,-2.528277
0.007636,-0.022602,-0.018631,-9.193734,2.145205,-2.375048
0.014050,-0.112705,-0.009468,-12.717999,0.459687,-4.367024
0.025962,-0.101404,-0.024129,-9.346963,1.302446,-1.379060
0.049786,0.027489,0.017104,-9.653421,-0.229843,-4.137180
-0.011912,0.066584,-0.011301,-9.806650,0.153229,-1.302446
-0.013744,0.069639,-0.006109,-7.278373,1.072602,-3.677494
0.031460,-0.032681,-0.041844,-7.278373,1.072602,-3.677494
0.023213,-0.069028,0.006109,-10.572795,-0.229843,-2.604891
0.023518,-0.048258,-0.018021,-10.496180,-1.149217,-2.221819
-0.000916,0.005192,-0.043982,-9.500192,0.842759,-0.919373
0.045815,0.024129,-0.087659,-9.346963,-0.536301,-4.903325
0.039095,-0.027489,-0.047342,-8.810662,0.383072,-3.294421
0.021075,-0.020464,-0.023824,-11.645397,0.383072,-4.750096
0.016493,-0.086132,-0.014966,-7.584831,-1.685518,-1.685518
0.000305,-0.046731,0.072693,-8.504204,-0.536301,-2.375048
0.010690,0.022907,0.066584,-9.500192,-0.459687,-2.987964
-0.011912,0.023824,0.084299,-10.113108,0.153229,-2.604891
0.013439,0.007025,0.057116,-10.266337,0.842759,-2.528277
0.020464,0.020159,0.021686,-9.883264,1.302446,-3.830723
-0.005498,-0.053756,-0.064141,-9.193734,0.612916,-4.367024
-0.045204,-0.002138,-0.076664,-9.730036,0.689530,-2.604891
-0.069639,0.039095,-0.054978,-10.802638,0.995988,-0.536301
-0.099266,0.091935,-0.009774,-11.951855,-0.306458,-3.064578
-0.155160,0.062003,0.001527,-8.044518,0.919373,-3.294421
-0.146608,0.026878,0.018326,-8.350975,1.072602,-2.911349
-0.163101,0.069028,-0.009163,-10.649409,2.528277,-3.294421
-0.190590,-0.001222,-0.048869,-10.649409,0.612916,-3.294421
-0.229991,0.050702,-0.049786,-10.649409,0.612916,-3.294421
-0.230602,0.045204,-0.059559,-10.036493,4.137180,-3.064578
-0.203724,0.080329,-0.136834,-9.806650,2.068590,-4.596867
-0.275500,0.023824,-0.068111,-8.580819,-0.000000,-4.443638
-0.312458,-0.031154,-0.068722,-6.665457,-0.306458,-3.600879
-0.295659,-0.114232,-0.019853,-11.645397,-0.076614,-3.447650
-0.211665,-0.071471,-0.054978,-7.354988,0.383072,-2.451662
-0.159741,0.015882,-0.103542,-7.584831,1.379060,-2.145205
-0.123089,0.021075,-0.141721,-9.730036,0.229843,-1.532289
-0.064141,-0.026878,-0.108734,-11.185710,-0.229843,-2.987964
-0.051313,-0.015272,-0.110872,-10.036493,-1.149217,-1.915361
-0.050091,-0.023824,-0.015577,-10.802638,-0.842759,-3.600879
-0.015577,-0.025962,-0.041233,-9.883264,-0.000000,-3.524265
0.025962,-0.023213,-0.003054,-9.500192,0.689530,-2.451662
0.021686,-0.020769,0.023824,-9.806650,-2.681506,-1.532289
0.017410,-0.010385,0.130114,-7.278373,2.834735,0.383072
-0.022602,0.081856,-0.001527,-9.346963,1.072602,-3.064578
-0.064141,0.032376,0.019548,-9.193734,2.145205,-4.826711
-0.039095,-0.105374,-0.061697,-8.274361,0.919373,-2.068590
-0.072388,0.004276,-0.074831,-8.887277,1.149217,-1.225831
-0.094990,0.041539,-0.064141,-9.346963,1.379060,-1.915361
-0.122784,0.018631,-0.039401,-11.722011,-0.383072,-2.451662
-0.117592,0.058948,-0.082467,-7.661445,0.919373,-0.995988
-0.096822,0.065057,-0.006414,-8.274361,-0.306458,-5.975927
-0.068111,0.014050,-0.017104,-9.346963,-0.919373,-2.451662
-0.055283,-0.033292,0.023824,-9.959879,2.604891,-2.068590
-0.028711,-0.121562,-0.035430,-7.125144,0.229843,-1.225831
-0.014050,-0.025962,-0.040928,-7.431602,-0.919373,-3.141193
0.029322,-0.004581,-0.005498,-9.730036,-0.306458,-3.141193
-0.003360,0.058032,0.045815,-12.564770,0.536301,-3.600879
0.047037,-0.125227,0.002138,-11.262325,2.528277,-3.371036
-0.021075,-0.118508,-0.064141,-11.262325,2.528277,-3.371036
-0.033903,-0.061087,0.023518,-9.883264,0.459687,-4.596867
0.048869,0.076664,0.078802,-5.592855,-2.068590,1.991976
-0.010385,0.133474,-0.012523,-8.274361,-0.000000,1.608904
0.011606,0.111177,0.095600,-11.645397,-2.298434,-2.758120
0.009774,-0.003360,0.136528,-12.564770,3.294421,-4.060566
0.018326,-0.107512,-0.071777,-8.810662,1.072602,-2.758120
0.018021,-0.019242,0.000611,-8.657433,-0.612916,-0.383072
0.062308,0.025351,-0.007636,-10.879252,0.306458,-2.987964
0.069028,0.007330,0.037874,-9.423578,0.766145,-3.524265
0.025045,-0.040317,0.039401,-11.798626,0.766145,-2.911349
0.113926,0.028711,0.021380,-9.883264,-1.225831,-2.221819
0.114537,0.020464,0.087354,-9.730036,-2.375048,-2.834735
0.115148,-0.053145,0.081551,-7.508216,-0.919373,-5.133168
0.144164,-0.184176,0.068722,-7.738060,0.229843,-0.689530
0.124311,-0.116064,0.148440,-9.270349,-1.915361,-1.838747
0.120951,0.015577,0.230602,-10.342951,0.689530,-2.298434
0.151189,-0.039095,0.088575,-10.572795,2.987964,-2.145205
0.172569,0.016799,0.014050,-10.419566,3.371036,-2.681506
0.170431,-0.014355,-0.070250,-8.887277,0.153229,-1.838747
0.110567,-0.010690,-0.022297,-9.270349,0.995988,-3.600879
0.069333,0.003971,0.015882,-10.649409,-1.608904,-2.987964
0.008247,-0.010079,0.079107,-10.572795,0.383072,-1.991976
0.014966,0.024435,0.088881,-7.201759,2.758120,-2.298434
0.000916,-0.003360,-0.009163,-12.641385,1.455675,-1.302446
0.028405,-0.016188,-0.058948,-9.883264,2.221819,-1.225831
0.014661,-0.018326,-0.017410,-9.959879,-0.229843,-2.604891
0.020159,-0.078496,-0.019548,-10.802638,-0.000000,-1.225831
0.052229,-0.034208,-0.025351,-9.346963,1.685518,-0.995988
0.090103,-0.038485,-0.087048,-11.185710,0.153229,-3.447650
0.100182,-0.057727,-0.005498,-8.044518,-2.145205,-2.375048
0.134085,0.006109,-0.025351,-7.814674,-0.919373,0.229843
0.127365,0.025351,-0.019242,-10.726023,-0.766145,-2.068590
0.130725,0.012217,0.055283,-10.342951,-1.072602,-2.834735
0.165544,0.020769,0.097128,-10.113108,-0.995988,-2.911349
0.187536,0.017715,0.086743,-11.798626,-0.383072,-1.379060
0.179594,0.015272,0.048258,-10.496180,1.915361,-2.987964
0.159436,-0.011606,0.008552,-8.580819,-0.842759,-1.685518
0.080940,-0.015577,0.045204,-8.887277,0.076614,-3.064578
0.088575,0.004887,0.041233,-9.653421,-0.306458,-2.068590
0.091019,-0.032681,0.048869,-9.730036,1.915361,-1.608904
0.089797,0.101404,-0.103542,-7.048530,3.524265,0.000000
0.070555,0.141721,-0.104458,-8.657433,-0.766145,-1.762132
0.018631,0.090103,-0.088270,-8.580819,0.306458,-0.383072
-0.015272,0.101098,-0.033903,-10.649409,0.383072,-2.451662
-0.070860,0.090713,0.056505,-10.726023,0.459687,-1.991976
-0.054062,0.048869,0.064446,-9.653421,0.766145,-2.528277
-0.101404,0.054672,0.076969,-9.959879,0.459687,-4.060566
-0.085521,-0.000916,0.044899,-9.883264,1.225831,-4.367024
-0.073609,-0.003360,-0.049175,-8.887277,0.536301,-4.520253
-0.150578,-0.046731,0.021991,-9.270349,0.995988,-1.149217
-0.175013,0.028711,0.052840,-6.818686,-1.532289,0.076614
-0.182954,0.088575,0.018937,-9.117120,1.072602,-4.520253
-0.171959,-0.057421,-0.128282,-8.657433,4.443638,-2.375048
-0.187536,-0.084910,-0.106901,-11.185710,3.677494,-2.528277
-0.197004,-0.078191,-0.147219,-9.653421,1.532289,-3.754108
-0.233045,-0.098960,-0.112705,-9.806650,0.842759,-2.681506
-0.307571,-0.047953,-0.033598,-8.887277,1.762132,-1.225831
-0.268475,0.005803,-0.072998,-10.419566,1.072602,-2.145205
-0.242514,0.019242,-0.121868,-8.887277,0.536301,-3.064578
-0.255342,0.077274,-0.116064,-7.431602,1.072602,-1.149217
-0.226936,0.060476,-0.098960,-10.955867,-0.919373,-5.439626
-0.239154,0.000305,-0.036041,-10.572795,-2.068590,-2.068590
-0.181122,0.049786,-0.064446,-10.572795,1.455675,-2.221819
-0.156076,-0.028405,-0.048258,-9.730036,0.766145,-3.294421
-0.136528,-0.060781,-0.042455,-8.350975,1.762132,-1.532289
-0.106596,0.041539,-0.038485,-8.350975,0.229843,-2.987964
-0.055589,-0.011912,-0.064141,-10.802638,-0.383072,-3.524265
-0.051618,-0.027489,-0.013439,-8.887277,1.838747,-3.064578
0.000000,-0.085521,-0.096517,-9.730036,-0.153229,-1.838747
0.024129,-0.021380,-0.103847,-8.580819,-1.915361,-2.298434
-0.021686,0.000305,0.076664,-9.346963,-1.072602,-1.302446
0.049786,-0.058338,0.038485,-9.346963,-1.072602,-1.302446
-0.014966,-0.019853,0.059254,-8.197746,0.689530,-0.842759
-0.035736,-0.017715,0.054062,-10.726023,0.306458,-1.072602
-0.054367,0.014355,0.111177,-10.496180,0.153229,-2.375048
-0.042761,0.094684,0.078802,-8.963891,2.451662,-2.758120
-0.054978,-0.005498,-0.031460,-7.891289,1.072602,-2.145205
-0.094073,-0.039706,-0.039095,-9.193734,1.379060,-2.145205
-0.084299,0.019548,-0.054672,-11.032481,2.375048,-2.604891
-0.108734,0.018631,-0.110872,-9.040505,1.149217,-3.830723
-0.126144,-0.042150,-0.120951,-9.040505,1.149217,-3.830723
-0.166155,-0.075747,-0.085827,-8.427590,0.766145,-1.608904
-0.213192,0.018021,-0.000916,-11.032481,0.995988,-1.608904
-0.225715,-0.009163,0.011301,-10.266337,0.229843,-3.600879
-0.243430,-0.070860,0.013134,-8.963891,1.455675,-2.528277
-0.263894,-0.035430,-0.018326,-8.121132,0.612916,-1.302446
-0.292604,0.036652,-0.011301,-8.350975,2.145205,-3.600879
-0.235794,0.003360,-0.118813,-9.883264,2.681506,-1.149217
-0.198837,-0.014355,-0.174097,-10.419566,1.455675,-2.068590
-0.138666,0.011912,-0.181732,-10.955867,0.919373,-0.536301
-0.120340,0.058643,-0.179289,-9.883264,-0.229843,-0.689530
-0.064446,0.030543,-0.187230,-10.419566,-0.076614,-2.604891
-0.075442,0.047037,-0.132558,-9.500192,-2.068590,-3.064578
-0.074526,0.116370,0.003054,-10.496180,-1.532289,-1.149217
-0.067195,0.109956,0.019548,-9.500192,-1.608904,-3.217807
-0.076664,0.050396,0.018631,-11.338939,-0.536301,-2.528277
-0.100182,0.010690,0.060170,-9.576807,1.225831,-2.911349
-0.102014,0.021380,-0.010690,-9.500192,1.072602,-2.221819
-0.107512,0.039095,-0.038485,-9.500192,1.302446,-3.677494
-0.121868,-0.001527,-0.127060,-10.113108,1.532289,-2.375048
-0.134696,-0.023824,-0.133779,-9.959879,1.685518,-0.689530
-0.204029,-0.014661,-0.164628,-9.959879,-1.379060,-2.604891
-0.169515,-0.051924,-0.118508,-10.419566,0.919373,-4.750096
-0.233656,-0.021075,-0.072082,-9.346963,-0.229843,-2.375048
-0.314596,-0.049480,0.010690,-9.500192,-1.455675,-3.830723
-0.350026,-0.094684,0.080634,-9.270349,1.838747,-1.532289
-0.361021,-0.004887,0.038179,-5.822698,2.604891,-0.919373
-0.289856,0.049175,-0.041844,-9.346963,0.995988,-3.677494
-0.230602,0.014661,-0.115759,-9.270349,0.383072,-2.528277
-0.166155,-0.015272,-0.161879,-8.887277,1.838747,-3.600879
-0.125838,-0.033292,-0.236099,-10.036493,-0.612916,-2.604891
-0.117592,-0.068722,-0.143248,-9.117120,-1.072602,-2.068590
-0.109956,-0.007330,-0.113010,-10.496180,-0.536301,-2.451662
-0.082161,0.019853,-0.053451,-9.730036,-1.149217,-4.137180
-0.048564,-0.008247,-0.032681,-10.266337,-2.911349,-4.826711
-0.060781,0.064141,0.020159,-7.661445,-1.838747,-4.290409
-0.028711,0.074526,0.010079,-7.738060,-0.536301,-2.834735
-0.002749,0.099571,0.055283,-9.959879,-0.459687,-4.750096
-0.010385,0.055589,0.103847,-9.270349,-0.459687,-4.060566
-0.033598,0.055589,0.117286,-9.653421,-0.612916,-4.290409
0.014661,-0.001527,0.019853,-9.730036,1.225831,-3.983952
0.039401,-0.010385,-0.022602,-8.504204,1.225831,-2.451662
0.066584,0.069333,-0.116370,-10.189722,-0.612916,-0.306458
0.059559,0.041844,-0.107512,-10.113108,-1.685518,-2.221819
0.086437,0.030543,-0.097433,-8.580819,-1.685518,-3.600879
0.091019,0.013134,-0.047953,-8.197746,-0.306458,-2.528277
0.125227,0.011912,-0.075442,-10.189722,-1.685518,-1.225831
0.158825,0.024435,-0.004887,-10.649409,-1.302446,-1.379060
0.152105,-0.035125,-0.005192,-9.883264,-3.217807,-3.600879
0.137445,-0.072082,0.080023,-10.726023,-0.076614,-2.221819
0.075136,-0.072388,0.140194,-9.730036,-1.302446,-1.072602
0.023518,-0.011606,0.150273,-9.576807,-0.459687,-3.830723
0.031460,0.014050,0.120646,-8.504204,0.306458,-2.375048
0.040928,-0.006720,0.082161,-11.338939,1.685518,-0.689530
0.032681,-0.024740,-0.054062,-10.726023,1.149217,-2.758120
0.029322,-0.015577,-0.045509,-7.967903,1.838747,-1.302446
0.043982,-0.012217,-0.080940,-11.032481,-0.153229,-2.528277
0.056505,-0.037874,-0.084605,-9.423578,0.076614,-2.834735
-0.010079,-0.085216,-0.077274,-11.645397,-3.600879,-1.838747
-0.041539,0.055894,0.131947,-11.185710,-2.298434,-1.915361
-0.002749,-0.015272,0.111177,-10.342951,-1.991976,-3.754108
0.067195,-0.120646,-0.007636,-10.572795,1.149217,-4.443638
0.106901,-0.096517,-0.104458,-8.810662,3.907337,-2.451662
0.142637,-0.083689,-0.073915,-10.266337,-0.689530,-2.145205
0.150884,-0.049175,-0.108429,-8.350975,-2.298434,-0.919373
0.164323,-0.002749,-0.032070,-10.572795,-1.072602,-3.217807
0.223271,-0.023824,-0.002749,-7.738060,-2.451662,-1.991976
0.224493,0.003054,0.005192,-10.802638,-1.991976,-1.302446
0.246790,0.020159,0.083994,-8.887277,-1.915361,-1.991976
0.261145,0.032987,0.085521,-10.879252,-3.524265,-3.907337
0.222355,0.051007,0.247095,-6.129156,-4.596867,-3.141193
0.274584,0.032070,0.124311,-9.806650,-1.455675,-3.524265
0.288328,-0.017715,0.087354,-9.806650,-1.455675,-3.524265
0.239765,0.043677,0.111788,-10.726023,2.987964,-3.907337
0.213497,0.011606,0.031460,-9.040505,-0.153229,-1.685518
0.176845,0.038485,0.052534,-9.500192,-0.229843,-3.830723
0.191201,-0.057421,0.017715,-10.726023,-1.685518,-3.064578
0.146302,-0.060781,0.088575,-10.266337,0.076614,-1.455675
0.073915,-0.004887,0.105374,-10.879252,1.608904,-2.604891
0.051007,-0.007636,0.064752,-8.887277,1.149217,-1.762132
0.014661,-0.081856,-0.003054,-9.500192,1.302446,-2.681506
-0.002749,-0.011301,-0.029016,-9.500192,1.302446,-2.681506
0.034208,0.005192,-0.019548,-7.584831,-0.612916,-3.141193
0.024129,-0.088575,-0.066279,-11.109096,-0.306458,-2.068590
0.038179,-0.069028,-0.061697,-9.730036,0.383072,-1.532289
0.029322,-0.008552,-0.000611,-9.423578,-0.536301,-1.608904
0.030849,0.005803,-0.026267,-9.883264,-2.451662,-0.995988
0.069639,-0.025656,0.018937,-8.350975,-0.153229,-1.532289
0.100182,-0.001222,0.017715,-9.959879,-2.528277,-4.290409
0.111483,-0.000916,0.018021,-12.641385,-1.225831,-2.528277
0.130420,0.043066,0.021991,-8.044518,-1.915361,-2.528277
0.189063,-0.066890,-0.017715,-14.020445,-0.995988,-5.822698
0.210749,-0.068111,-0.008552,-9.423578,-2.298434,0.842759
0.253815,0.020159,0.025045,-10.726023,-0.689530,-2.375048
0.160963,-0.019853,0.066584,-9.423578,-1.608904,-0.842759
0.175013,-0.002443,0.080634,-11.262325,1.838747,-2.528277
0.102320,-0.048869,0.085827,-8.734048,-0.612916,-2.451662
0.112705,-0.012217,0.080329,-9.500192,1.532289,-0.842759
0.093157,-0.029932,0.021380,-8.887277,0.689530,-1.608904
0.045815,-0.018021,0.025351,-7.661445,-0.842759,-1.762132
0.030849,-0.012828,0.064752,-9.883264,0.306458,-0.536301
0.029016,0.078802,-0.009468,-11.262325,0.229843,-2.758120
-0.003360,-0.002749,-0.051924,-7.584831,0.536301,-2.758120
-0.030238,0.013134,-0.065057,-9.270349,2.758120,-2.604891
-0.069333,-0.008247,-0.018937,-9.193734,1.608904,-1.915361
-0.075136,0.002138,-0.016493,-10.726023,0.459687,-0.306458
-0.130725,0.024740,-0.002138,-10.955867,1.532289,-0.995988
-0.135001,0.018021,-0.066890,-10.496180,-0.306458,-2.298434
-0.164017,0.020159,-0.017410,-10.036493,2.528277,-1.149217
-0.206167,0.023213,-0.048258,-10.726023,2.451662,-1.838747
-0.195171,0.014661,-0.056200,-8.887277,0.153229,-2.758120
-0.147829,-0.038179,-0.062919,-9.117120,-0.000000,-0.383072
-0.078191,-0.021075,-0.050396,-6.971915,0.919373,-2.298434
-0.031460,-0.075442,-0.135001,-9.423578,0.536301,-1.608904
0.018326,0.082161,-0.073304,-7.431602,-1.685518,-0.842759
-0.033292,0.010385,-0.091630,-9.040505,-0.153229,-5.209783
0.005192,-0.010690,-0.058948,-5.822698,0.383072,-1.608904
0.014050,-0.045509,-0.051618,-7.508216,-2.375048,-4.137180
0.044288,0.066279,0.075747,-10.496180,-1.532289,-2.987964
0.100793,-0.034819,0.038179,-7.125144,-2.068590,-4.443638
0.092241,0.036957,0.078191,-8.734048,0.459687,-3.754108
0.126449,-0.028711,0.071166,-8.734048,0.459687,-3.754108
0.160963,0.003971,0.037874,-8.887277,1.302446,-2.681506
0.217773,0.006109,0.051007,-9.576807,-0.000000,-1.685518
0.218995,-0.010690,0.083383,-11.951855,-2.298434,-2.451662
0.226936,-0.007330,0.020769,-9.730036,-3.371036,-3.447650
0.298713,0.034819,-0.021686,-12.258312,-1.149217,-3.524265
0.271530,0.013439,-0.007941,-5.516241,-3.983952,-4.826711
0.309709,0.050702,0.016188,-9.730036,-0.383072,-2.987964
0.367435,0.013439,-0.023824,-8.350975,-4.290409,-3.371036
0.348804,0.027184,0.070250,-8.350975,-2.758120,-2.911349
0.342390,0.055589,0.065973,-7.278373,-0.229843,-5.209783
0.375377,-0.051924,0.100793,-5.746084,-3.524265,-2.451662
0.359800,0.056810,0.186008,-9.270349,-2.298434,-3.600879
0.357967,-0.033598,0.134696,-7.201759,-0.995988,-4.060566
0.344833,0.025962,0.151495,-13.024457,-3.217807,-3.907337
0.313679,-0.001833,0.160352,-9.500192,0.229843,-3.141193
0.288328,-0.041844,0.110567,-6.052542,-0.459687,-0.689530
0.246790,0.023213,0.140804,-8.197746,-1.149217,-3.524265
0.230602,-0.040012,0.090713,-10.113108,-0.536301,-3.447650
0.209832,0.016493,0.041233,-9.653421,0.842759,-2.298434
0.179289,-0.006414,0.007941,-9.653421,0.842759,-2.298434
0.183870,0.009774,-0.004887,-9.653421,-0.459687,-0.536301
0.121868,0.014966,-0.018021,-9.500192,-0.076614,-2.834735
0.094073,0.026878,0.019853,-9.193734,1.762132,-2.834735
0.106291,-0.039706,0.043677,-10.726023,-3.064578,-4.060566
0.186619,-0.044593,0.063835,-8.197746,-1.302446,-1.379060
0.196393,-0.005803,-0.008247,-9.959879,-0.459687,-1.608904
0.193950,-0.021991,0.027489,-10.496180,-0.000000,-3.447650
0.259618,-0.040928,-0.044288,-10.113108,-1.762132,-1.608904
0.263894,-0.006414,-0.023824,-10.649409,-0.842759,-2.528277
0.269086,0.033903,-0.010385,-7.891289,-3.524265,-2.987964
0.279165,0.077580,0.068722,-7.891289,-2.145205,-1.072602
0.336281,-0.020769,0.021991,-10.496180,1.379060,-4.137180
0.328340,-0.019548,0.019548,-7.201759,-2.604891,-1.532289
0.323759,-0.015882,0.101098,-12.717999,-1.455675,-4.367024
0.334754,-0.060170,0.121257,-10.955867,-1.379060,-3.294421
0.362549,-0.051924,0.109956,-10.342951,-0.383072,-4.826711
0.345139,0.007636,0.145691,-6.435614,-1.302446,-1.991976
0.317039,0.020159,0.095906,-11.492168,-0.229843,-2.758120
0.369573,-0.060170,0.101709,-5.746084,0.536301,-2.221819
0.394924,-0.022297,0.031765,-7.508216,-1.762132,-1.532289
0.381485,-0.026573,0.039401,-7.508216,-1.762132,-1.532289
0.357051,0.019242,0.017104,-9.040505,-0.689530,-1.379060
0.345444,0.008247,0.060476,-10.572795,-0.766145,-3.600879
0.369268,0.004581,0.054062,-8.044518,0.153229,-2.145205
0.353386,-0.002749,0.089492,-9.959879,-1.302446,-2.911349
0.321315,0.037263,0.102931,-7.738060,-2.298434,-2.145205
0.299019,0.029932,0.128587,-11.262325,0.842759,-2.604891
0.357051,-0.011301,0.037874,-11.185710,1.072602,-2.375048
0.346971,-0.033903,0.036346,-10.036493,0.459687,-3.447650
0.354913,-0.037263,-0.003665,-9.500192,-1.991976,-3.371036
0.319177,0.009774,0.066890,-10.113108,-1.685518,-3.754108
0.295353,-0.007941,0.037874,-8.810662,-0.536301,-3.371036
0.305738,-0.008552,0.093157,-8.734048,0.306458,-2.145205
0.326202,-0.040012,0.070860,-9.193734,-0.536301,-1.685518
0.339030,-0.048258,0.043677,-10.802638,1.225831,-2.987964
0.307265,-0.047647,0.075442,-8.887277,-0.000000,-2.987964
0.318872,-0.037568,0.089186,-9.500192,-1.762132,-1.455675
0.305433,-0.021380,0.106291,-9.576807,-0.306458,-2.145205
0.367741,-0.022297,0.115148,-9.500192,-0.919373,-1.991976
0.378736,-0.040317,0.101709,-9.040505,-0.076614,-0.076614
0.394008,0.041539,0.015577,-10.189722,-0.689530,-0.612916
0.392481,0.085216,0.059559,-10.496180,-0.842759,-1.225831
0.376904,0.017104,0.080023,-8.350975,-2.145205,-3.830723
0.392175,0.045509,0.154243,-10.342951,-1.838747,-2.528277
0.431882,0.026573,0.076969,-8.887277,-0.459687,-2.451662
0.397979,0.065057,0.139277,-8.963891,-3.524265,-2.451662
0.452040,0.019242,0.098349,-8.274361,-0.229843,-1.608904
0.447153,0.071777,0.003360,-10.955867,-0.689530,-1.685518
0.373239,0.125838,0.109650,-10.036493,0.229843,-4.596867
0.330478,0.107818,0.109650,-8.810662,-2.298434,-2.758120
0.308487,0.026878,0.123395,-8.197746,-0.995988,-1.991976
0.292299,-0.020159,0.101709,-8.197746,-0.995988,-1.991976
0.269697,-0.034208,0.046120,-11.798626,0.306458,-2.528277
0.188452,-0.002138,0.070860,-9.346963,-0.842759,-1.379060
0.194255,-0.018631,0.079718,-8.887277,-1.379060,-2.758120
0.188146,-0.005803,0.076053,-9.653421,0.536301,-1.608904
0.203113,-0.093768,0.019548,-10.879252,-0.306458,-3.217807
0.095600,-0.117592,0.091630,-9.959879,-0.536301,-2.375048
0.103542,-0.075747,-0.006414,-7.508216,-0.383072,-2.221819
0.107818,-0.082772,0.007636,-9.117120,-0.766145,0.000000
0.068111,-0.003665,0.028100,-9.117120,-0.766145,0.000000
0.072693,0.058948,-0.068722,-10.113108,1.455675,0.229843
0.025351,-0.024740,0.003054,-9.117120,-0.229843,-1.455675
0.000916,-0.018021,-0.040928,-8.734048,1.685518,-2.987964
0.036957,0.033292,0.024435,-9.576807,-0.689530,-2.068590
0.028100,0.093768,0.000611,-10.572795,-1.838747,0.383072
0.110261,0.079107,-0.024129,-9.193734,-1.762132,-3.217807
0.110567,0.088881,0.032376,-8.427590,-0.076614,-4.290409
0.124617,0.070555,-0.075747,-6.665457,3.524265,-4.826711
0.200364,0.100182,-0.043982,-11.109096,1.608904,-3.754108
0.127365,0.098349,-0.013439,-8.580819,0.383072,-6.895301
0.031460,-0.021991,0.070250,-8.734048,-0.383072,-5.746084
0.051313,0.024129,0.065973,-10.189722,0.536301,-4.520253
-0.023824,0.011301,0.005803,-5.899313,-0.306458,-1.532289
-0.065057,0.049480,0.208305,-11.415554,-0.995988,-5.286397
0.046731,0.052229,-0.096211,-6.971915,5.363012,-1.072602
0.038790,0.112094,-0.114537,-11.645397,-0.383072,-4.367024
0.013744,0.025656,-0.055589,-13.101071,1.302446,-7.125144
-0.006414,-0.034514,-0.007636,-8.887277,1.225831,-2.145205
-0.003054,0.023824,-0.022907,-10.189722,0.383072,-1.991976
0.021380,0.090103,-0.022907,-10.649409,-2.068590,-3.907337
0.035736,0.067501,0.001833,-9.576807,1.149217,-3.371036
0.039095,0.046731,-0.112094,-9.576807,2.528277,-2.758120
0.078496,0.036652,-0.108123,-7.967903,-0.076614,-3.524265
-0.040012,0.110261,0.203418,-8.963891,1.379060,-7.048530
0.074220,-0.118813,-0.317955,-4.750096,6.359000,-3.600879
0.018937,-0.074831,-0.131947,-8.350975,1.455675,0.229843
-0.001833,0.151800,-0.109650,-13.943830,-2.451662,-3.371036
0.028100,0.099571,-0.053145,-15.322891,-2.451662,-5.286397
0.013134,-0.163406,0.163406,-8.580819,-5.822698,-7.354988
-0.006109,-0.102014,0.029322,-11.568782,0.919373,-2.834735
-0.005803,-0.099266,-0.005192,-8.504204,-1.762132,-5.669470
0.038179,-0.055894,0.096822,-11.109096,1.685518,-6.282385
0.035430,-0.143553,0.013134,-6.588843,0.229843,-2.221819
-0.078191,-0.079107,-0.021075,-10.649409,-0.306458,0.536301
-0.094073,-0.146302,0.021380,-10.879252,-3.371036,-1.455675
0.018021,-0.258396,-0.107512,-14.939818,4.290409,-3.294421
-0.003665,-0.182343,-0.239459,-11.722011,-1.991976,-4.979939
-0.007025,-0.010079,-0.285885,-16.931794,-4.520253,-5.669470
-0.116370,-0.135001,-0.105985,-9.193734,0.919373,-2.375048
-0.192728,0.142637,0.218995,0.000000,-7.125144,0.229843
-0.303905,0.167377,0.349720,-6.895301,-0.766145,-5.746084
-0.200669,0.129198,0.207083,-7.584831,2.834735,-5.133168
-0.253815,0.051007,0.162185,-10.342951,2.681506,-7.278373
-0.234572,-0.068111,0.020769,-7.738060,-1.072602,-4.213795
-0.220522,-0.050091,0.047953,-8.887277,3.754108,-0.612916
-0.259007,0.023824,-0.008247,-8.350975,3.447650,-2.528277
-0.280998,0.040928,-0.094379,-5.133168,0.766145,-3.064578
-0.163406,0.103542,-0.228464,-11.109096,1.915361,-4.137180
-0.033292,0.088575,-0.327729,-6.742072,1.302446,-2.604891
0.002749,-0.002443,-0.197004,-10.496180,0.995988,-3.141193
-0.194255,-0.271224,0.046731,-8.887277,-3.907337,-4.750096
-0.199142,-0.148135,-0.011912,-10.266337,-1.225831,-0.536301
-0.103847,0.047342,0.083994,-10.955867,1.225831,-3.600879
-0.107818,0.056810,0.031460,-10.879252,1.608904,-1.379060
-0.058032,-0.053756,0.026573,-10.649409,1.608904,-3.371036
0.004581,-0.048869,-0.139888,-9.730036,0.153229,-1.149217
0.003971,-0.121868,-0.064446,-10.419566,-2.604891,-3.141193
0.050091,-0.117897,-0.048258,-10.572795,-0.689530,-0.919373
0.025962,0.055894,-0.003971,-10.879252,-0.995988,-4.290409
-0.004276,-0.001833,0.043677,-9.959879,2.298434,-4.060566
0.035125,0.134696,0.030849,-8.734048,-0.153229,-3.371036
0.008858,0.025045,0.044288,-9.730036,-1.072602,-3.983952
0.033292,0.037263,-0.016799,-10.036493,0.153229,-4.826711
0.032376,-0.073304,-0.040928,-6.742072,0.229843,-3.064578
0.038790,-0.110261,-0.025045,-11.798626,-0.383072,-1.762132
0.055894,0.008858,0.007941,-8.657433,-2.451662,-2.375048
0.094684,0.006109,0.029016,-8.887277,-0.076614,-3.907337
0.111177,-0.084605,0.039706,-10.419566,-0.153229,-2.604891
0.124006,-0.018937,0.039095,-8.350975,-0.153229,-1.532289
0.162490,-0.035430,-0.025351,-9.653421,0.536301,-3.294421
0.174402,-0.036346,-0.026878,-10.189722,0.612916,-2.987964
0.174097,-0.022907,-0.010385,-9.346963,-0.536301,-1.915361
0.184176,-0.026878,-0.009468,-10.726023,0.919373,-2.375048
0.250760,-0.052840,0.020159,-9.346963,-0.612916,-1.379060
0.273973,0.013439,-0.029322,-8.887277,-1.225831,-1.072602
0.297491,-0.020159,-0.043371,-8.350975,-1.991976,-1.762132
0.314901,0.073915,0.014966,-8.810662,-0.306458,-3.907337
0.316734,-0.015272,0.006414,-8.427590,-1.532289,-2.681506
0.324064,0.027184,0.129503,-10.572795,-1.915361,-2.068590
0.328951,0.051924,0.142026,-9.883264,-1.072602,-4.060566
0.335060,-0.023213,0.177151,-9.883264,-1.072602,-4.060566
0.369879,0.012217,0.176235,-9.270349,-0.919373,-3.217807
0.402866,-0.004276,0.157909,-8.580819,-0.383072,-1.915361
0.393397,0.010690,0.148440,-10.802638,-2.221819,-1.838747
0.389732,-0.007941,0.159436,-10.036493,-1.149217,-4.060566
0.389121,0.017104,0.102320,-9.576807,1.072602,-3.524265
0.443488,-0.014050,0.076053,-8.044518,-1.455675,-2.758120
0.440434,0.003665,0.063225,-9.346963,0.306458,-4.826711
0.425468,-0.012217,0.013744,-9.500192,-2.758120,-3.141193
0.419664,-0.006720,0.056810,-8.044518,-1.455675,-3.447650
0.400422,-0.027794,0.119730,-8.734048,-0.919373,-3.524265
0.377209,-0.023824,0.168904,-9.883264,-0.229843,-2.758120
0.416305,0.005192,0.087048,-10.342951,-0.842759,-3.217807
0.401949,-0.066890,0.163406,-10.113108,-1.379060,-4.137180
0.418443,-0.074220,0.177456,-8.427590,-0.689530,-1.838747
0.428827,0.009774,0.066279,-10.726023,-0.459687,-3.524265
0.445932,-0.039095,0.058032,-10.496180,-1.302446,-5.133168
0.468228,-0.038179,0.083689,-8.197746,-1.532289,-3.754108
0.471283,0.054978,0.064752,-10.649409,1.225831,-5.669470
0.417832,0.011301,0.051313,-10.649409,1.225831,-5.669470
0.373239,0.021991,0.101709,-11.415554,-0.229843,-4.290409
0.317345,0.020159,0.090408,-6.052542,0.306458,-3.371036
0.271530,0.022297,0.097738,-7.201759,0.612916,-3.830723
0.240986,-0.045815,0.077274,-9.040505,-0.459687,-2.758120
0.216857,0.023213,0.040317,-9.270349,0.459687,-3.141193
0.194255,-0.003665,0.055283,-8.197746,-0.919373,-2.221819
0.140499,0.011912,0.042761,-9.346963,-0.229843,-2.911349
0.135612,0.018021,0.018631,-10.572795,0.842759,-3.830723
0.107818,0.010079,0.017410,-9.193734,0.306458,-2.911349
0.098349,-0.016188,0.014661,-9.730036,0.153229,-2.834735
0.078191,0.018021,0.001222,-8.121132,1.072602,-3.677494
0.072388,0.013134,-0.005192,-8.810662,0.306458,-3.983952
0.020769,-0.047037,-0.004581,-7.967903,0.153229,-2.528277
0.018326,-0.000611,0.003971,-10.649409,1.072602,-1.455675
0.031154,0.022297,0.000916,-9.806650,0.766145,-3.141193
0.012828,0.003360,-0.011606,-6.895301,0.689530,-3.907337
0.007330,0.021380,-0.003360,-10.879252,0.076614,-3.294421
0.015577,-0.022907,-0.005192,-12.258312,0.306458,-2.375048
-0.000611,0.021686,0.001222,-12.947843,0.153229,-2.451662
0.009468,-0.043982,0.006109,-6.129156,-0.536301,-3.830723
0.011912,0.014661,0.002138,-6.895301,0.612916,-3.830723
-0.007636,-0.012828,0.026573,-8.580819,0.383072,-3.141193
0.004581,-0.012523,0.038485,-9.270349,-0.536301,-3.600879
-0.011606,0.011301,0.059254,-12.105084,0.766145,-1.991976
-0.001222,-0.015577,0.017104,-11.492168,0.766145,-2.375048
0.003360,0.007025,0.024435,-11.951855,1.762132,-1.608904
0.018631,0.022297,-0.017104,-7.967903,0.919373,-3.524265
-0.002749,-0.013744,-0.001833,-9.117120,-0.153229,-3.294421
0.013439,0.011912,-0.024740,-10.496180,0.536301,-2.375048
0.024129,-0.010079,-0.019242,-7.738060,0.383072,-4.290409
0.007636,0.003971,-0.006109,-9.423578,0.919373,-2.987964
-0.004276,-0.015272,-0.020769,-9.117120,-0.153229,-2.987964
0.002138,-0.010385,0.012523,-7.508216,-0.153229,-3.371036
0.009774,0.018326,0.034208,-7.967903,-0.229843,-3.524265
0.004581,-0.019853,0.004276,-7.354988,0.536301,-3.677494
0.004887,0.016799,-0.003360,-10.649409,0.842759,-3.141193
0.009163,-0.015882,-0.013744,-9.346963,0.919373,-2.834735
0.016188,0.021686,-0.019853,-8.810662,0.536301,-3.447650
0.008552,0.034819,-0.020464,-10.419566,0.153229,-2.834735
0.006414,-0.015272,-0.009468,-9.806650,-0.076614,-2.987964
0.007941,-0.012523,0.007636,-10.802638,0.612916,-1.608904
0.003665,0.012828,0.016188,-9.270349,0.766145,-2.834735
0.010079,-0.006720,-0.004887,-9.806650,1.072602,-2.834735
0.007941,-0.007025,-0.004887,-9.500192,0.842759,-2.528277
0.007636,0.016799,-0.013439,-10.649409,0.689530,-3.064578
0.008858,-0.017104,-0.013439,-7.661445,-0.000000,-4.060566
0.007941,-0.005498,-0.005803,-11.415554,0.689530,-2.298434
0.009163,-0.013744,-0.008247,-8.504204,0.459687,-2.834735
0.010385,-0.006414,-0.004887,-9.730036,0.612916,-2.528277
0.007025,0.005498,-0.010690,-9.959879,0.536301,-2.758120
0.005803,-0.003665,-0.002443,-9.500192,0.383072,-2.604891
0.011606,-0.001527,-0.007330,-9.959879,0.383072,-2.221819
0.006414,-0.001222,-0.004581,-9.959879,0.383072,-2.221819
0.004581,-0.003665,-0.004276,-9.883264,0.536301,-2.068590
0.008858,-0.013134,-0.005498,-9.040505,0.229843,-2.834735
0.009468,0.007636,-0.007330,-9.346963,0.153229,-2.528277
0.009468,-0.011912,-0.005803,-10.189722,0.536301,-1.915361
0.006109,-0.005803,-0.005498,-9.576807,0.536301,-1.302446
0.013134,0.014050,-0.006414,-9.270349,0.612916,-2.681506
0.013134,0.001833,-0.003665,-9.346963,0.689530,-2.451662
0.009468,0.021380,-0.007941,-10.879252,0.306458,-2.604891
0.007636,-0.024129,-0.010079,-10.879252,0.306458,-2.604891
0.011606,0.008247,-0.003054,-10.036493,0.689530,-1.302446
0.003665,-0.001527,-0.008858,-8.963891,0.383072,-2.528277
0.007941,0.012217,-0.003665,-9.193734,0.383072,-2.451662
0.008552,0.010385,-0.006414,-9.423578,0.459687,-3.294421
0.009774,0.014661,-0.007025,-9.653421,0.076614,-3.524265
0.011606,0.031765,-0.012217,-7.891289,0.306458,-5.439626
0.006414,0.032987,-0.013744,-6.665457,0.306458,-3.600879
0.020464,-0.047037,-0.007025,-9.040505,-0.229843,-1.225831
0.019548,-0.084605,-0.015882,-10.879252,0.076614,1.991976
0.032376,-0.020464,-0.018937,-8.657433,-0.459687,0.306458
0.063835,0.025656,-0.011301,-8.810662,-0.306458,-1.762132
0.082161,0.017104,0.006720,-10.189722,-0.076614,-1.915361
0.107818,-0.067195,-0.011301,-9.040505,-0.995988,0.306458
0.146302,-0.054978,-0.007025,-11.492168,-0.919373,1.991976
0.177762,-0.042150,0.030238,-8.580819,-0.229843,0.689530
0.236405,-0.005803,-0.030543,-8.657433,0.229843,-0.842759
0.255647,0.012523,-0.007330,-11.415554,-2.221819,0.689530
0.298102,0.037263,0.032070,-8.580819,-0.689530,-0.459687
0.368657,-0.023824,0.081856,-13.713987,-2.604891,-0.995988
0.346361,-0.052229,0.097738,-8.734048,0.612916,1.072602
0.273057,-0.019853,0.086132,-9.193734,-3.064578,0.306458
0.243430,0.000916,0.032376,-8.887277,0.229843,-1.532289
0.217468,0.072388,0.024740,-11.032481,-0.612916,-0.229843
0.171042,0.000611,0.051313,-8.044518,-0.306458,0.000000
0.147219,0.026878,0.054062,-11.262325,0.842759,0.076614
0.087048,0.034819,0.038790,-10.266337,1.302446,-0.842759
0.047342,0.078802,0.083689,-9.346963,1.838747,-0.919373
-0.003054,0.045509,0.055589,-10.649409,1.838747,-3.600879
-0.024129,-0.032376,0.048869,-8.887277,2.145205,-4.903325
-0.022602,-0.097738,0.018021,-11.109096,3.294421,-2.451662
-0.059865,-0.080634,-0.030543,-11.262325,0.689530,-0.153229
-0.094379,0.018937,-0.048258,-11.338939,2.987964,-1.991976
-0.156382,-0.038790,-0.070250,-8.810662,3.294421,-1.225831
-0.156992,-0.007636,-0.059559,-7.125144,2.145205,-0.536301
-0.203113,0.010690,-0.059559,-7.354988,1.608904,0.076614
-0.178984,0.047647,-0.053451,-11.109096,2.375048,-0.459687
-0.094379,0.134696,-0.048258,-8.121132,0.383072,-3.064578
-0.037874,0.077580,-0.058948,-7.738060,0.995988,-0.306458
0.030849,-0.001527,-0.120646,-11.032481,0.229843,-2.528277
0.024129,0.020159,-0.116675,-4.213795,4.979939,2.451662
0.080023,-0.026267,-0.098349,-7.584831,0.459687,0.306458
-0.002138,0.037263,0.007941,-13.330915,0.842759,-2.298434
0.006109,0.003665,0.005498,-10.266337,0.689530,-0.459687
0.032376,-0.051007,-0.020159,-11.951855,0.612916,-0.612916
0.075442,-0.068722,-0.067195,-9.193734,-0.076614,-1.455675
0.057116,-0.077885,-0.132863,-10.189722,-4.367024,-1.991976
0.058032,-0.059254,-0.033903,-7.354988,-1.685518,-1.532289
0.026267,0.011301,0.022602,-9.883264,-1.915361,-1.608904
0.042455,0.087965,-0.010079,-10.879252,-0.229843,-3.983952
0.032987,-0.025656,0.000305,-11.032481,-1.379060,-3.064578
0.047037,0.107512,-0.001833,-13.560758,0.919373,-3.447650
0.032681,0.013134,0.044288,-9.806650,1.455675,-3.371036
0.002138,-0.048869,0.073609,-7.967903,1.685518,-3.294421
0.016493,-0.062614,0.075747,-5.746084,1.532289,-3.524265
0.054367,0.034514,0.069028,-9.500192,-1.991976,-1.379060
-0.021686,0.072082,0.059254,-10.342951,-0.153229,0.076614
0.072388,-0.018937,0.036957,-5.133168,1.455675,-1.379060
0.117592,0.023824,-0.099266,-12.411541,-1.455675,-3.371036
0.087965,0.029322,-0.055283,-8.504204,0.153229,-1.915361
0.094379,-0.003665,-0.079718,-10.802638,-2.298434,-2.834735
0.074220,-0.012828,-0.041233,-9.270349,-2.987964,-3.294421
-0.005192,-0.105069,0.001833,-10.649409,0.383072,-2.911349
0.023213,-0.032376,-0.013744,-8.887277,0.076614,-3.600879
0.031460,-0.058643,-0.007636,-10.726023,0.459687,-1.838747
0.020769,0.008552,-0.036041,-8.274361,-1.532289,-0.766145
0.056505,0.011301,-0.031765,-8.350975,-0.229843,-2.681506
0.027794,-0.062308,-0.016799,-9.040505,-0.229843,-0.383072
0.050702,0.049480,-0.009163,-9.730036,0.842759,-3.600879
0.041844,0.025351,-0.051007,-8.887277,0.919373,-2.987964
0.031154,-0.005803,0.002443,-8.963891,-1.762132,-2.681506
0.019853,-0.043982,0.045509,-7.738060,0.842759,-2.604891
0.013744,-0.008247,-0.012828,-7.738060,0.842759,-2.604891
0.036041,-0.013439,-0.014355,-8.887277,-1.225831,-2.528277
0.033598,0.011606,0.044899,-10.189722,-2.145205,-3.983952
-0.030849,0.039401,0.092546,-8.121132,-2.758120,-1.915361
-0.010385,-0.028100,0.051313,-7.738060,-0.383072,-1.532289
-0.007941,-0.039706,0.064141,-9.959879,0.689530,-3.064578
0.020769,-0.021380,0.027489,-11.338939,-3.524265,-0.306458
-0.040012,0.058643,0.142637,-7.354988,-5.975927,0.306458
0.000305,-0.014661,0.094684,-6.588843,0.153229,-1.302446
0.009163,0.019548,0.022602,-6.665457,-0.000000,-1.762132
0.042455,-0.064446,0.029322,-8.274361,1.379060,-2.528277
0.004581,0.122784,0.108734,-10.572795,-2.068590,-5.286397
-0.034819,0.062919,0.145691,-8.504204,-1.225831,-3.447650
-0.100487,0.025045,0.235489,-9.730036,-1.532289,-5.286397
-0.127060,-0.029932,0.137139,-10.419566,3.600879,-3.447650
-0.081245,0.070860,0.020464,-12.258312,2.451662,-2.604891
-0.071777,0.037263,-0.140499,-9.806650,1.302446,-4.903325
-0.175013,-0.041539,0.017104,-7.967903,3.294421,-0.766145
-0.218995,-0.032070,-0.008552,-9.883264,-0.612916,-3.371036
-0.209832,0.100793,-0.041233,-8.427590,6.895301,-4.979939
-0.285579,-0.013744,-0.111788,-10.496180,7.278373,-5.822698
-0.245873,-0.065057,-0.293521,-8.197746,4.137180,-2.911349
-0.207083,-0.007941,-0.275195,-6.282385,6.205771,-0.383072
-0.165850,0.069028,-0.186314,-8.044518,-0.229843,-1.762132
-0.123089,0.056810,-0.129503,-10.113108,0.689530,-4.903325
-0.089492,-0.014966,-0.175624,-9.423578,0.076614,-3.064578
-0.004887,-0.058643,-0.154549,-8.810662,-2.375048,-2.375048
-0.003054,-0.070555,-0.133474,-8.504204,-0.459687,-3.064578
0.019242,-0.015272,-0.056810,-10.113108,0.536301,-2.298434
-0.048564,-0.021991,-0.009774,-9.270349,0.536301,-3.677494
-0.082772,-0.005498,0.042455,-9.500192,0.383072,-3.600879
-0.107818,-0.021991,0.034208,-9.500192,1.072602,-2.528277
-0.154549,-0.001527,0.006720,-11.875240,3.371036,-2.604891
-0.167377,0.010079,0.004276,-7.584831,2.298434,-1.915361
-0.166766,0.086132,-0.028405,-9.193734,0.689530,-1.685518
-0.176235,0.057116,0.006414,-10.266337,0.995988,-3.217807
-0.212581,0.018021,0.000305,-9.959879,0.995988,-4.979939
-0.230296,-0.003665,-0.014355,-8.734048,4.060566,-1.302446
-0.232740,0.101709,-0.200669,-7.431602,1.072602,-4.750096
-0.209832,0.065057,-0.212581,-7.431602,-2.068590,-2.528277
-0.153022,-0.046120,-0.094990,-10.113108,0.383072,-2.604891
-0.102625,0.038485,-0.055894,-8.810662,-0.536301,-2.528277
-0.100182,0.029932,-0.030238,-9.576807,-1.225831,-4.290409
-0.077274,0.026573,0.020769,-9.040505,-1.532289,-4.367024
-0.036957,0.017104,0.008247,-9.500192,0.689530,-2.298434
-0.025962,-0.131031,-0.042761,-8.963891,0.842759,-1.149217
0.051313,-0.117592,-0.043371,-10.113108,0.153229,-1.379060
0.051924,-0.089186,-0.023213,-9.040505,1.608904,-1.379060
0.011912,0.025656,-0.043066,-9.806650,-1.838747,-3.754108
-0.009468,-0.139583,0.076969,-10.266337,-0.153229,-5.899313
0.003971,-0.158825,0.038485,-10.726023,0.459687,-2.528277
0.005803,0.018937,0.049786,-10.036493,0.459687,-2.375048
0.013134,0.010996,0.022907,-11.262325,-0.153229,-2.221819
-0.089186,-0.005498,0.153633,-9.270349,-0.689530,-2.221819
-0.146608,-0.003665,0.173486,-7.125144,1.149217,-3.447650
-0.226936,-0.014050,0.158825,-9.346963,2.681506,-4.137180
-0.159741,-0.032376,0.021380,-8.044518,4.137180,-1.838747
-0.074831,0.042150,-0.147524,-9.576807,1.608904,-5.286397
-0.002749,0.042150,-0.184176,-9.117120,1.915361,-4.443638
0.050702,-0.039706,-0.278555,-11.032481,1.532289,-0.995988
0.064446,0.022907,-0.137139,-8.963891,0.536301,-5.286397
0.026573,0.029627,0.019548,-9.959879,-1.915361,-3.754108
-0.006109,-0.057421,0.019242,-9.040505,1.455675,-3.524265
-0.039095,0.017410,0.080023,-10.649409,-0.153229,-2.528277
0.014050,0.077274,0.035736,-8.274361,-0.000000,-0.995988
0.069028,0.206472,0.055589,-8.504204,1.685518,-3.907337
0.001527,0.143553,-0.008552,-10.955867,2.298434,-4.903325
0.051924,0.119730,-0.051618,-10.189722,0.153229,-3.064578
0.157603,0.041844,-0.054978,-10.189722,-1.149217,-3.754108
0.175013,0.019242,-0.067195,-10.189722,-1.149217,-3.754108
0.202807,0.098960,-0.031460,-10.036493,-3.447650,-2.528277
0.256258,0.109650,-0.102320,-8.274361,-0.919373,-3.600879
0.279165,-0.002749,-0.118813,-10.036493,0.383072,-5.286397
0.268781,-0.018326,-0.012523,-6.052542,0.995988,-3.141193
0.291994,-0.072388,-0.053756,-7.814674,-6.435614,-1.379060
0.312458,-0.074526,0.097433,-14.020445,-1.915361,-0.842759
0.265726,-0.113315,0.197309,-8.810662,-1.838747,-4.137180
0.301157,-0.204945,0.215025,-9.040505,-3.600879,-0.153229
0.278860,-0.133169,0.250455,-9.653421,-1.762132,-2.681506
0.405004,-0.054367,0.200975,-8.657433,-1.149217,-1.685518
0.488081,-0.082161,0.152716,-7.891289,-2.987964,-2.068590
0.514654,-0.039706,0.074831,-8.810662,-0.842759,-1.302446
0.567188,-0.037263,0.059254,-11.109096,-2.068590,-4.060566
0.481056,0.035125,0.166766,-10.189722,-3.294421,-1.532289
0.512210,0.059254,0.110261,-10.419566,1.225831,-0.689530
0.435241,0.085827,0.037874,-8.580819,-1.532289,-0.842759
0.413861,0.087965,0.006720,-10.113108,-3.064578,-3.064578
0.336587,0.116675,0.027489,-8.657433,-1.149217,-3.141193
0.284052,0.068111,-0.010385,-12.488156,-0.689530,-2.298434
0.171959,-0.027489,0.043066,-9.576807,-1.302446,-2.758120
0.189063,0.070555,-0.014355,-6.512229,1.915361,-1.072602
0.179900,-0.014355,-0.002138,-7.354988,-1.072602,0.383072
0.132558,-0.040012,-0.014966,-11.109096,0.076614,0.000000
0.064752,-0.037874,0.072082,-11.415554,1.532289,-0.995988
0.020464,-0.102014,0.037263,-9.653421,-1.685518,-4.443638
0.014966,-0.024435,0.107818,-9.117120,0.919373,-3.064578
-0.140499,-0.014966,0.082467,-7.661445,5.669470,-5.439626
-0.147219,-0.037874,0.051313,-9.576807,-0.919373,-2.758120
-0.078802,-0.000916,-0.021686,-9.653421,0.612916,1.915361
-0.203418,-0.013439,-0.059254,-9.423578,6.052542,0.383072
-0.239459,-0.082772,-0.015272,-9.883264,2.681506,-2.375048
-0.281914,-0.067195,-0.028711,-9.959879,0.842759,-1.685518
-0.307571,-0.032376,-0.045204,-11.185710,0.919373,-2.068590
-0.280387,-0.035125,-0.086437,-10.649409,-1.225831,-2.451662
-0.235489,-0.102931,-0.077274,-9.730036,1.762132,-1.149217
-0.181732,-0.104763,-0.096822,-8.504204,2.681506,-3.371036
-0.119119,0.124617,-0.091019,-11.032481,0.306458,-1.455675
-0.063835,0.137139,-0.082467,-8.197746,-0.689530,-2.681506
0.021075,0.080940,-0.067501,-9.883264,-3.524265,-2.987964
0.082161,0.211970,0.001222,-7.584831,-3.447650,-1.532289
0.104763,0.177151,0.028711,-8.427590,-3.907337,-2.681506
0.139888,0.076358,0.071166,-9.270349,-2.068590,-2.681506
0.154243,0.026878,0.125227,-9.193734,-3.294421,-1.225831
0.231212,-0.027794,0.044288,-10.802638,-2.298434,-3.907337
0.259923,-0.121868,0.002138,-6.282385,-0.842759,0.536301
0.219301,-0.061392,0.036041,-9.423578,1.762132,-2.987964
0.166766,-0.123395,0.026573,-8.657433,0.229843,-1.302446
0.118813,-0.077885,0.036957,-10.649409,-1.915361,-1.685518
-0.009163,-0.067195,0.098655,-12.181698,-1.762132,-3.447650
-0.047037,-0.037263,0.027794,-8.887277,2.834735,-3.600879
0.046731,-0.091935,-0.080634,-11.798626,-0.383072,-4.596867
0.104153,-0.009163,-0.065973,-7.508216,-2.604891,-1.532289
0.160963,-0.013134,-0.052534,-10.419566,-1.685518,-3.294421
0.165544,0.005192,-0.001222,-10.496180,-0.612916,-0.383072
0.280693,0.072693,0.012828,-8.810662,-3.447650,-1.379060
0.347888,0.062919,-0.030238,-8.504204,-2.221819,-3.447650
0.314596,0.078802,-0.035736,-9.959879,-1.072602,-2.834735
0.188146,0.022602,0.076358,-7.431602,2.298434,-0.229843
0.157298,-0.110872,0.113315,-3.524265,-1.532289,-3.677494
0.075442,0.049786,0.152716,-11.109096,0.766145,-0.076614
0.026573,-0.058032,0.120951,-11.109096,0.766145,-0.076614
-0.016188,0.043066,-0.005803,-13.943830,1.225831,-4.520253
0.017104,-0.024435,-0.024740,-7.201759,-3.294421,-1.838747
0.109345,-0.043066,-0.088575,-9.346963,3.294421,-2.987964
0.040623,0.029016,-0.081245,-5.975927,3.907337,-2.987964
0.013134,-0.040928,-0.041233,-5.286397,-5.133168,0.076614
-0.054367,-0.050396,0.044899,-11.338939,1.149217,-1.072602
-0.091019,0.091935,-0.017104,-9.883264,-0.766145,-3.600879
-0.126449,0.066584,-0.090713,-9.576807,1.149217,-2.604891
-0.087659,0.020159,-0.100487,-9.040505,3.064578,-3.524265
-0.177456,0.030849,-0.115148,-12.334927,0.383072,-3.524265
-0.217163,0.037874,-0.152716,-7.278373,3.447650,-1.685518
-0.323453,-0.080634,-0.034819,-10.189722,1.838747,-3.371036
-0.355218,-0.074526,0.009774,-8.963891,3.064578,-1.915361
-0.375377,-0.046731,-0.071471,-7.891289,1.608904,-1.532289
-0.393397,-0.030543,-0.113010,-9.653421,0.383072,-4.443638
-0.513432,-0.110872,-0.069944,-7.661445,4.137180,-4.520253
-0.554055,-0.137139,-0.019548,-9.500192,2.145205,-0.689530
-0.592234,-0.057421,0.060781,-11.185710,5.822698,-3.754108
-0.652404,0.003360,0.017410,-9.423578,5.899313,-2.681506
-0.660956,0.036652,-0.053756,-9.576807,2.758120,-4.979939
-0.673173,0.054367,0.000611,-7.584831,3.371036,-2.604891
-0.627969,0.108734,0.038179,-9.270349,4.826711,-2.451662
-0.611782,0.160963,0.029627,-7.508216,3.371036,-3.217807
-0.492052,0.196699,-0.094073,-6.895301,3.294421,0.459687
-0.273668,0.125227,-0.318566,-12.334927,5.899313,-2.604891
-0.279165,0.039095,-0.413861,-11.492168,3.524265,-5.286397
-0.211359,-0.054978,-0.126755,-7.354988,-2.375048,-1.379060
-0.216246,0.001222,-0.036652,-7.048530,-4.596867,0.153229
-0.072998,0.018631,0.029932,-11.338939,-1.915361,-2.221819
-0.023518,-0.147829,-0.076358,-17.008409,2.221819,-3.524265
0.160352,-0.386067,-0.269086,-17.008409,2.221819,-3.524265
0.175624,0.028711,-0.277638,-11.951855,-4.826711,4.826711
0.154243,0.151495,-0.167072,-6.282385,-1.685518,2.221819
-0.134085,-0.049175,0.087354,-11.492168,-7.738060,-3.294421
0.022297,-0.105374,0.171042,-12.641385,-0.306458,-5.899313
-0.030849,-0.036346,0.242514,-8.734048,-0.689530,0.612916
-0.059865,0.331700,0.249538,-12.334927,10.649409,-11.185710
0.020769,-0.276417,-0.217773,-10.955867,-0.689530,-2.375048
-0.013439,-0.215025,-0.020159,-9.883264,3.064578,-1.762132
0.013439,-0.159741,0.001833,-4.367024,-4.979939,-1.379060
0.016799,-0.201280,0.073915,-5.746084,-0.766145,1.608904
-0.070860,0.281609,0.139888,-11.722011,-2.145205,-3.294421
-0.050396,0.150273,0.180816,-14.709975,-0.919373,-7.354988
0.033598,0.076969,-0.014355,-10.496180,3.141193,-5.516241
0.017104,0.155465,0.026878,-13.024457,-1.072602,-6.742072
0.021075,-0.040012,0.119424,-3.600879,1.225831,-1.225831
-0.006720,-0.122784,0.018021,-10.802638,-0.536301,1.379060
0.013439,-0.055283,0.030543,-8.810662,2.451662,-0.612916
0.084605,-0.146913,-0.223577,-9.193734,0.459687,-1.532289
0.065057,-0.110567,-0.128893,-10.342951,0.383072,-0.766145
-0.008247,0.004276,0.058032,-7.891289,-3.524265,-4.137180
-0.017104,0.109956,0.102014,-9.806650,-1.532289,2.681506
-0.020769,0.103236,0.055894,-9.883264,5.439626,-6.052542
-0.016799,0.001222,-0.069028,-7.814674,3.907337,-2.298434
-0.021991,0.141415,0.009774,-8.580819,2.834735,-5.899313
-0.024740,-0.051618,-0.147219,-8.121132,4.213795,-5.209783
-0.032070,-0.063530,-0.156076,-4.290409,0.306458,-1.149217
-0.064141,0.009163,-0.165544,-8.427590,-0.612916,-2.834735
-0.147829,0.047953,-0.089797,-9.730036,2.298434,-2.604891
-0.156687,0.009468,-0.142637,-9.806650,0.383072,-3.677494
-0.191812,-0.019853,-0.025045,-9.193734,1.072602,-3.677494
-0.180205,0.014050,-0.158214,-9.730036,1.762132,-3.141193
-0.240070,0.031154,-0.056810,-8.657433,-1.225831,-0.995988
-0.261450,0.003360,-0.129198,-8.274361,1.991976,-1.302446
-0.270002,0.035125,-0.140804,-10.419566,-0.153229,-0.995988
-0.288328,0.059559,-0.156382,-9.959879,-0.229843,-2.451662
-0.368963,-0.010079,-0.128587,-10.955867,2.298434,-2.221819
-0.405004,-0.011301,-0.104153,-8.274361,0.229843,-0.919373
-0.466396,-0.057727,-0.046731,-8.734048,4.520253,-2.298434
-0.527177,-0.000305,-0.160963,-10.036493,2.528277,-2.987964
-0.514349,0.078802,-0.168904,-10.036493,2.528277,-2.987964
-0.561996,-0.074526,-0.029932,-6.282385,2.604891,-1.225831
-0.505491,0.028405,-0.158825,-12.411541,2.375048,-3.907337
-0.408669,-0.095295,-0.262061,-9.193734,-1.072602,-2.834735
-0.398590,-0.083383,-0.222966,-10.726023,-2.604891,0.842759
-0.376293,0.036041,-0.077580,-9.040505,-0.766145,1.685518
-0.331394,0.053145,-0.155160,-10.572795,-1.685518,-1.225831
-0.293215,0.012217,-0.124006,-12.181698,-0.919373,-0.459687
-0.241292,-0.026573,0.000611,-9.883264,-1.455675,-3.217807
-0.183260,0.052534,-0.023518,-8.734048,2.221819,-1.379060
-0.063835,0.165544,-0.170126,-6.665457,1.915361,-1.838747
-0.051924,-0.041539,-0.080634,-7.661445,-4.596867,-2.834735
-0.086132,-0.058338,0.056810,-9.193734,-2.145205,-0.995988
-0.078496,-0.027184,0.010996,-10.649409,0.919373,-2.834735
-0.034514,-0.060781,0.040012,-12.334927,-1.762132,-3.600879
-0.030849,-0.041539,0.023824,-11.338939,1.302446,-4.137180
-0.016188,-0.072082,0.000611,-10.572795,0.459687,-4.520253
-0.132863,-0.129503,0.012828,-8.810662,-0.919373,-2.528277
-0.181732,-0.153327,0.092852,-7.967903,0.306458,-2.375048
-0.240681,-0.145080,0.155160,-6.971915,2.375048,-1.072602
-0.204945,-0.096517,0.137445,-7.048530,3.830723,-0.919373
-0.222355,0.056505,-0.012828,-9.423578,3.217807,-0.919373
-0.207389,0.186314,-0.067501,-12.488156,5.286397,-3.217807
-0.214719,0.220828,-0.142637,-6.895301,1.762132,-2.068590
-0.240681,0.208916,-0.207389,-5.516241,-0.459687,-3.830723
-0.329867,0.055283,0.001222,-8.197746,0.995988,-5.133168
-0.372628,-0.066279,-0.016493,-11.722011,2.451662,-3.064578
-0.392175,-0.089492,-0.099571,-6.435614,3.524265,-1.149217
-0.405615,0.035736,-0.196088,-9.117120,-0.612916,-4.826711
-0.470977,-0.095600,0.021075,-11.568782,2.375048,-2.987964
-0.508240,0.058338,0.018937,-9.117120,4.137180,-3.447650
-0.484722,0.026878,-0.012828,-9.883264,2.375048,-4.903325
-0.481362,0.142637,-0.137445,-8.044518,0.153229,-3.371036
-0.508545,0.047953,-0.127060,-8.963891,4.443638,-4.137180
-0.480751,0.000611,-0.237932,-12.488156,3.447650,-5.133168
-0.536951,0.126449,-0.018631,-5.746084,-0.919373,-3.447650
-0.523206,0.154854,-0.068722,-4.979939,3.524265,-2.298434
-0.502131,0.063835,-0.318566,-5.439626,2.604891,-2.834735
-0.503353,0.083689,-0.422719,-11.262325,2.834735,-4.137180
-0.505491,0.060170,-0.070555,-7.584831,-0.612916,-4.060566
-0.526566,0.061697,-0.015272,-5.899313,2.987964,-0.459687
-0.465479,0.028100,-0.090713,-5.899313,2.987964,-0.459687
-0.408669,0.061697,-0.135307,-8.350975,5.975927,-4.290409
-0.455400,0.071777,-0.132252,-10.496180,0.919373,-6.282385
-0.567494,-0.014355,0.027184,-7.891289,2.375048,-3.600879
-0.534813,0.107207,-0.012523,-11.032481,2.528277,-0.229843
-0.575435,0.079412,0.083078,-13.330915,1.302446,-5.286397
-0.618807,-0.029322,0.112094,-14.173674,2.681506,-6.435614
-0.615141,-0.056200,0.122173,-8.580819,8.427590,-3.754108
-0.491136,0.107818,-0.259923,-13.943830,3.907337,-2.758120
-0.458149,-0.082467,-0.309098,-13.943830,3.907337,-2.758120
-0.415999,-0.036957,-0.277944,-6.818686,0.612916,-0.076614
-0.414472,0.000611,-0.116981,-9.730036,1.685518,-2.298434
-0.425773,-0.051618,-0.032681,-7.584831,0.153229,-5.056554
-0.394314,-0.012523,-0.026573,-11.262325,4.060566,-0.536301
-0.324980,0.088575,-0.032376,-13.101071,2.528277,-2.987964
-0.228464,0.084910,-0.157909,-10.879252,5.516241,-5.746084
-0.271224,0.018021,-0.304822,-7.814674,5.363012,-4.137180
-0.292604,-0.003665,-0.353996,-5.822698,0.612916,-1.838747
-0.328951,0.019548,-0.160658,-10.266337,1.072602,-0.995988
-0.257480,-0.024740,-0.234878,-7.278373,1.149217,-1.762132
-0.255342,0.035736,-0.204334,-11.262325,0.536301,-4.903325
-0.218995,0.080329,-0.136834,-8.504204,1.608904,-0.153229
-0.108429,0.103542,-0.171959,-9.193734,2.834735,-2.758120
-0.074831,0.030849,-0.255036,-7.967903,-0.153229,-3.524265
-0.075136,0.076358,-0.185703,-6.129156,-1.608904,-0.689530
-0.109650,0.152411,-0.087659,-9.959879,-2.145205,-2.451662
-0.139277,0.070860,-0.043066,-10.036493,0.076614,-4.290409
-0.125227,0.000305,-0.013134,-6.895301,1.608904,-1.991976
-0.111788,0.072082,-0.063835,-7.738060,0.459687,-1.379060
-0.110872,0.067195,-0.072082,-7.891289,1.915361,-3.217807
-0.135001,0.105374,-0.159436,-11.875240,-1.379060,-2.528277
-0.086743,-0.045815,-0.160352,-11.185710,0.153229,-3.294421
-0.116981,-0.086132,-0.047953,-14.556746,-0.000000,-1.455675
-0.190895,-0.032987,0.008247,-11.415554,-4.443638,-3.294421
-0.216857,-0.009774,0.126144,-5.209783,0.842759,-3.217807
-0.066584,-0.068111,0.050091,-12.181698,2.834735,-5.209783
-0.030543,-0.141110,0.012828,-10.419566,-1.838747,-0.842759
-0.080940,-0.085827,0.061087,-11.568782,-1.379060,-1.072602
-0.103847,-0.091630,0.139277,-9.730036,-1.762132,-3.983952
-0.093462,-0.068417,0.101098,-12.334927,3.907337,-2.298434
-0.187536,-0.034514,-0.031154,-7.508216,4.979939,-1.838747
-0.133169,0.031765,0.014966,-11.951855,0.766145,-6.282385
-0.223271,-0.002138,0.078802,-9.959879,4.213795,-6.665457
-0.232740,-0.011606,-0.081551,-9.500192,5.592855,-4.826711
-0.191201,0.035736,-0.206778,-7.661445,5.133168,-5.363012
-0.184481,-0.038790,-0.310014,-8.121132,-1.455675,-2.221819
-0.277333,0.091935,-0.023824,-9.883264,-0.000000,-2.758120
-0.287412,0.062919,-0.016493,-9.346963,2.681506,-6.052542
-0.322842,-0.006414,-0.005498,-7.814674,-0.229843,-4.673482
-0.315512,0.025045,-0.046426,-9.193734,2.375048,-4.520253
-0.288634,-0.003360,-0.107207,-9.193734,0.076614,-4.596867
-0.268475,-0.004276,-0.115759,-9.576807,1.225831,-5.975927
-0.290772,0.052534,-0.071471,-9.883264,2.758120,-2.987964
-0.314290,0.058948,-0.187230,-9.959879,2.375048,-3.447650
-0.360105,-0.032987,-0.150578,-10.802638,3.447650,-4.520253
-0.398895,-0.076664,-0.138056,-10.955867,1.379060,-3.217807
-0.409280,-0.037263,-0.140804,-10.496180,0.689530,-3.064578
-0.418137,-0.006414,-0.091019,-8.427590,2.604891,-4.060566
-0.405004,-0.054367,-0.162185,-8.427590,0.995988,-1.991976
-0.388205,-0.028711,-0.104153,-7.201759,-1.608904,-0.229843
-0.337198,-0.001222,-0.116675,-11.415554,0.842759,-0.919373
-0.273973,-0.034819,-0.181427,-10.496180,0.459687,-3.141193
-0.260229,-0.029016,-0.069333,-9.423578,-1.838747,-1.532289
-0.217468,-0.072998,-0.036957,-10.496180,-0.612916,-3.141193
-0.169821,0.004887,-0.050396,-10.726023,1.685518,-1.072602
-0.130420,-0.003360,-0.033903,-12.947843,-2.911349,-2.681506
-0.178984,-0.069639,0.050091,-10.726023,-0.766145,-1.838747
-0.108734,-0.040928,-0.038790,-9.270349,2.068590,-1.302446
-0.071777,0.042150,-0.088575,-9.193734,1.225831,-1.685518
-0.038179,-0.066584,-0.101404,-9.040505,-0.919373,-1.225831
-0.027489,-0.001833,-0.009163,-8.810662,-1.685518,-0.612916
0.007025,0.015272,-0.007330,-11.032481,-0.229843,-2.068590
0.039706,-0.000305,-0.025045,-7.891289,0.459687,-1.379060
0.034819,0.038790,0.041539,-11.185710,-0.919373,-2.145205
0.017104,0.019853,0.048869,-10.036493,-0.076614,-3.064578
-0.058948,0.101709,0.132558,-9.730036,0.995988,-4.060566
-0.069944,0.043066,0.090408,-8.350975,2.911349,-4.520253
-0.064141,-0.010690,-0.011301,-6.359000,0.459687,-0.076614
-0.081856,0.008858,-0.032070,-7.584831,1.149217,-1.915361
-0.114843,0.118202,-0.039095,-10.726023,3.064578,-1.379060
-0.147829,0.030849,-0.101404,-10.879252,5.592855,-2.375048
-0.222355,0.032376,-0.106901,-7.738060,-2.298434,-0.229843
-0.259007,0.056810,0.013439,-11.951855,1.762132,-3.064578
-0.275500,-0.015577,-0.001527,-10.189722,1.762132,-0.536301
-0.225104,0.032987,-0.100182,-10.266337,2.298434,-4.060566
-0.157298,0.005192,-0.020464,-8.504204,-1.838747,-1.379060
-0.153327,-0.011606,-0.055283,-7.278373,0.612916,-2.375048
-0.075442,0.010690,-0.068111,-11.032481,-0.919373,-3.371036
-0.028100,-0.029627,-0.043677,-11.645397,-0.842759,-2.911349
0.035125,-0.035736,-0.045815,-7.661445,-1.532289,0.306458
0.067501,0.080329,0.062919,-7.431602,-2.068590,-0.689530
0.090103,0.085827,-0.078802,-8.810662,0.689530,-4.826711
0.090408,0.081856,-0.034514,-10.496180,-2.298434,-4.290409
0.121868,-0.018326,0.025351,-9.270349,1.225831,-6.359000
0.186314,-0.013744,0.016493,-9.346963,0.536301,-5.592855
0.191506,-0.093157,-0.041844,-8.274361,-3.371036,-1.608904
0.190285,0.019548,0.092852,-6.665457,-0.153229,0.000000
0.254120,-0.026267,0.024740,-9.730036,1.149217,-0.153229
0.294437,-0.057421,-0.010079,-11.492168,-1.608904,-2.068590
0.276722,-0.218384,0.015882,-11.109096,-1.685518,-5.439626
0.368657,-0.225409,-0.013744,-9.423578,-1.915361,-3.064578
0.385151,-0.119119,-0.010079,-10.496180,-1.838747,-0.383072
0.368352,-0.010079,0.095906,-12.334927,-6.971915,-6.895301
0.390954,0.065668,0.167988,-7.891289,-6.818686,-1.532289
0.470366,-0.016188,-0.033292,-10.266337,0.766145,-2.528277
0.494190,-0.003971,-0.028405,-9.423578,-3.141193,-3.600879
0.493274,-0.009163,0.224188,-12.334927,-1.149217,-3.754108
0.543975,0.132252,0.042150,-8.504204,-1.608904,0.306458
0.508545,0.173486,0.182649,-9.653421,-0.995988,-7.048530
0.598648,0.023824,0.047342,-9.653421,-0.995988,-7.048530
0.622777,-0.054367,0.160352,-6.588843,-2.681506,-1.455675
0.529620,-0.079107,0.144164,-10.726023,-0.076614,-2.145205
0.472810,-0.082772,0.099876,-8.963891,1.225831,-1.608904
0.447153,-0.018631,0.030849,-8.427590,-0.612916,0.306458
0.392481,0.065057,0.160352,-9.576807,-3.447650,-2.911349
0.274889,0.004276,0.234878,-10.649409,1.072602,-3.141193
0.247706,-0.076053,0.166461,-8.963891,-0.766145,0.306458
0.271224,-0.049786,0.065668,-9.423578,0.766145,-1.072602
0.248622,0.044899,0.043066,-7.125144,-0.000000,-0.383072
0.254120,0.066584,0.088881,-9.730036,0.306458,-4.903325
0.146913,-0.051924,0.043982,-9.959879,-1.225831,-1.838747
0.104763,0.007330,0.125838,-9.959879,-3.217807,-0.842759
0.064446,-0.047037,0.100793,-8.580819,1.072602,-0.306458
0.100487,0.010079,0.016799,-11.645397,3.141193,-0.459687
0.171042,-0.025351,-0.058032,-8.350975,-1.838747,-2.221819
0.243430,-0.031460,-0.095295,-9.117120,-0.000000,-2.911349
0.282525,-0.007941,-0.099571,-11.951855,-2.911349,-1.915361
0.293521,0.008552,0.047953,-9.346963,-2.987964,-2.375048
0.271224,-0.011301,0.156382,-11.875240,-3.677494,-2.068590
0.407142,-0.044288,0.083994,-8.504204,-2.758120,-4.137180
0.411418,-0.027184,0.074831,-7.508216,-3.064578,-3.064578
0.441961,0.010385,-0.003054,-8.657433,-1.225831,-2.528277
0.401949,0.044899,0.005803,-8.734048,1.455675,0.842759
0.320704,0.097128,-0.013744,-8.810662,-2.528277,-3.983952
0.240375,0.013439,0.021075,-8.504204,-1.225831,-4.596867
0.240986,0.013134,0.017104,-8.810662,-2.451662,-2.604891
0.177456,0.059865,-0.002749,-10.036493,-0.766145,-3.983952
0.102625,-0.003665,0.036652,-10.496180,0.383072,-3.600879
0.081245,-0.093462,0.020464,-8.504204,-0.995988,-1.455675
0.012828,-0.020769,0.048258,-8.121132,-0.919373,-1.072602
0.033292,-0.000611,-0.037263,-8.734048,2.145205,-0.919373
0.026878,-0.027489,-0.041233,-12.028469,1.379060,-3.447650
0.040623,-0.006414,-0.050396,-9.806650,-1.225831,-1.915361
0.018326,0.048564,0.011912,-10.266337,-0.919373,-3.217807
0.007330,-0.003054,0.053145,-8.504204,-1.455675,-2.987964
-0.003971,-0.005192,0.062919,-9.883264,0.919373,-1.915361
-0.019242,0.009774,0.021075,-8.887277,-0.383072,-1.838747
0.002443,-0.006109,0.048564,-10.419566,-1.302446,-2.068590
-0.024129,-0.034819,0.058948,-9.653421,-1.532289,-2.221819
-0.022602,0.007330,0.055894,-10.419566,0.919373,-4.367024
0.022907,-0.066584,-0.010690,-10.496180,1.149217,-3.064578
0.021686,-0.097738,-0.030238,-9.040505,-0.229843,-2.681506
0.032681,-0.033598,-0.014355,-8.810662,-0.153229,-1.302446
0.025351,0.038179,0.089797,-7.967903,-2.375048,-1.762132
0.025962,-0.007025,0.088881,-8.887277,0.536301,-1.762132
-0.006720,-0.038790,0.048258,-11.415554,1.072602,-1.991976
0.044288,0.065363,-0.083078,-9.500192,-1.608904,-1.685518
0.055283,0.047647,-0.039401,-9.117120,-1.532289,-3.371036
0.026573,-0.049480,0.031460,-9.040505,-0.766145,-2.221819
-0.000305,-0.062003,0.088881,-9.346963,-0.000000,-1.455675
-0.025045,-0.073609,0.111177,-9.653421,1.149217,0.076614
0.042150,0.060781,-0.049175,-9.730036,0.536301,-2.604891
0.068111,0.003665,-0.061087,-10.419566,1.072602,-4.290409
0.038179,0.028100,-0.054672,-9.500192,-1.302446,-1.915361
0.024129,0.034819,-0.023824,-9.576807,-0.383072,-3.600879
0.000305,-0.017715,0.007636,-10.419566,1.302446,-3.217807
0.032070,-0.026573,0.011912,-8.044518,0.995988,-1.838747
0.035736,0.035736,-0.049480,-8.121132,1.532289,-0.076614
0.051007,0.080940,-0.050396,-10.419566,-0.306458,-4.443638
0.040623,0.052534,-0.041233,-8.504204,-4.213795,-2.528277
0.025656,0.106901,0.040317,-9.500192,-2.528277,-4.060566
-0.010690,0.008552,0.058338,-10.802638,0.383072,-2.834735
0.008247,-0.111788,0.026267,-9.423578,1.072602,-1.072602
0.030543,-0.068111,-0.121257,-9.576807,1.149217,-1.225831
0.023213,-0.170737,0.025656,-10.955867,-1.991976,-5.669470
-0.021686,-0.040317,0.099571,-10.802638,-1.915361,0.306458
0.003665,-0.022297,0.091935,-10.572795,0.076614,-4.673482
-0.025656,-0.128587,0.135918,-11.262325,3.907337,-4.903325
-0.049480,-0.129809,0.058948,-11.415554,1.302446,-1.225831
-0.094684,0.037568,-0.009774,-11.492168,2.834735,-0.536301
-0.105374,0.034208,-0.088881,-9.423578,3.830723,-4.903325
-0.155160,0.003054,-0.037568,-10.496180,2.528277,-1.991976
-0.213497,0.008247,-0.016799,-9.193734,2.528277,-2.681506
-0.223577,0.061392,-0.014661,-7.661445,4.826711,-3.447650
-0.237932,-0.045815,-0.138666,-10.342951,1.685518,-1.302446
-0.156992,-0.126449,-0.138972,-8.197746,0.306458,-1.302446
-0.104153,-0.058948,-0.099571,-10.955867,0.689530,0.766145
-0.057116,-0.032681,-0.093462,-9.959879,0.536301,-0.459687
0.036041,-0.054062,-0.147829,-8.350975,-3.141193,-4.826711
0.075136,0.003971,-0.087965,-3.754108,-0.229843,-2.221819
0.017715,0.091324,0.012828,-3.754108,-0.229843,-2.221819
-0.053145,0.128282,-0.010996,-10.879252,0.229843,-1.225831
-0.160047,0.050702,0.027794,-9.653421,1.379060,-2.375048
-0.147829,0.026573,-0.009774,-9.653421,4.060566,-3.064578
-0.174097,0.129503,0.054978,-11.645397,3.754108,-3.600879
-0.201280,0.050702,0.042761,-7.584831,1.991976,-3.447650
-0.207389,-0.024435,-0.097738,-9.576807,3.830723,-3.064578
-0.269392,-0.125838,-0.058948,-9.346963,0.919373,-3.600879
-0.289856,0.029627,-0.124617,-9.270349,1.225831,-2.987964
-0.372017,0.009774,-0.060781,-10.036493,1.302446,-0.459687
-0.394924,0.018937,-0.030238,-10.572795,0.153229,-2.528277
-0.438907,0.020159,-0.028100,-9.270349,3.754108,-2.068590
-0.454484,0.071166,-0.056505,-4.903325,3.141193,-4.443638
-0.390648,0.016493,-0.132863,-12.641385,1.455675,-3.141193
-0.276417,0.012217,-0.206472,-10.419566,-0.229843,-4.290409
-0.251066,0.006414,-0.226631,-8.963891,0.229843,-2.145205
-0.141721,0.063835,-0.171348,-14.173674,0.995988,-4.750096
-0.131031,-0.078802,-0.110567,-9.576807,-5.516241,-3.907337
-0.101709,-0.102320,-0.006109,-8.044518,-2.911349,-3.447650
0.070250,0.018937,0.016493,-9.806650,-1.762132,-7.201759
0.045815,-0.263894,-0.003665,-14.403517,0.383072,-4.060566
0.027794,-0.140194,-0.038485,-5.592855,-0.306458,0.383072
0.124006,0.175013,0.052229,-3.600879,-0.076614,1.149217
0.153327,0.073304,-0.009163,-8.350975,1.149217,-5.363012
0.100182,0.084605,0.110567,-13.943830,-3.524265,-9.806650
0.189674,0.006109,0.190285,-11.109096,-1.608904,-4.673482
0.109039,-0.036652,0.186008,-8.044518,1.608904,-8.197746
0.130725,0.079412,0.099571,-12.181698,0.842759,0.153229
0.262061,0.221133,-0.003360,-11.262325,-0.000000,-8.580819
0.330784,-0.138361,-0.314901,-7.814674,1.532289,-3.064578
0.334143,-0.253204,-0.101404,-7.354988,-6.359000,-3.294421
0.309098,-0.162490,0.198226,-8.887277,-3.600879,1.455675
0.210443,-0.004887,0.360716,-12.334927,-4.903325,-1.455675
0.232129,0.069944,0.326202,-11.032481,1.685518,-2.068590
0.365297,0.031765,0.129503,-10.419566,0.153229,-5.363012
0.437380,-0.110261,0.029627,-8.657433,1.838747,-0.229843
0.482889,-0.042761,0.007025,-8.504204,0.459687,-2.681506
0.470366,-0.073609,-0.021075,-13.177686,-0.536301,-1.838747
0.408669,-0.055589,-0.024740,-11.415554,-0.000000,-2.604891
0.361327,0.059254,0.063835,-10.726023,1.915361,-4.903325
0.341474,-0.071471,-0.004276,-8.887277,0.995988,-2.528277
0.266032,-0.071471,0.080940,-8.197746,-1.072602,-0.995988
0.282525,-0.088575,0.068722,-10.342951,-0.459687,-0.766145
0.252898,-0.083689,0.069639,-10.572795,-0.153229,-0.612916
0.233961,-0.107207,-0.022602,-11.032481,0.919373,-0.536301
0.159130,0.005192,0.103542,-10.036493,2.298434,-1.455675
0.103847,-0.012828,0.049480,-9.040505,-0.689530,-0.153229
0.067195,-0.001833,0.076053,-10.036493,1.762132,-1.608904
0.057116,-0.003360,0.049480,-6.665457,4.137180,-1.072602
0.036652,0.088270,0.064446,-9.423578,1.532289,-3.830723
0.069944,0.044899,-0.033292,-5.975927,2.681506,-3.294421
0.050702,0.042761,-0.104458,-9.730036,-0.153229,-1.072602
-0.033292,0.155465,-0.004581,-10.036493,3.447650,-1.455675
-0.021686,0.074526,-0.106291,-10.113108,2.758120,-3.677494
-0.045815,0.152716,-0.187841,-9.346963,-2.221819,-2.375048
-0.072693,0.086132,0.018631,-12.258312,-1.379060,-3.524265
-0.138361,0.062919,0.035736,-13.407529,0.766145,-2.987964
-0.178678,-0.063835,0.046120,-8.657433,-0.306458,-1.379060
-0.212581,-0.067195,0.161268,-9.959879,3.754108,-2.451662
-0.240070,-0.033292,-0.033598,-7.738060,3.677494,-1.532289
-0.223271,0.002749,-0.085521,-9.653421,2.987964,-2.834735
-0.224798,0.007941,0.010690,-9.270349,1.685518,-2.528277
-0.221744,-0.081551,-0.168599,-9.806650,5.746084,-4.213795
-0.247400,-0.075136,-0.242514,-9.576807,3.677494,-0.536301
-0.353691,-0.164934,-0.053451,-7.201759,3.141193,0.076614
-0.362854,-0.036652,-0.133474,-8.197746,4.060566,-2.068590
-0.339947,0.080940,-0.169210,-11.875240,1.685518,-4.213795
-0.269392,0.090713,-0.229074,-6.435614,0.689530,-4.290409
-0.404087,0.092546,-0.124006,-9.423578,-0.229843,-5.133168
-0.487165,0.021686,0.027184,-6.742072,4.367024,-1.532289
-0.472199,-0.007330,-0.084910,-9.806650,2.298434,-2.221819
-0.515265,0.067501,0.037874,-10.036493,2.145205,-5.439626
-0.438601,0.091324,0.002138,-10.036493,2.145205,-5.439626
-0.380569,0.042761,-0.201586,-11.798626,4.137180,-6.512229
-0.323453,-0.073304,-0.199142,-6.895301,-0.000000,-4.367024
-0.341474,-0.048258,-0.124617,-8.274361,-0.612916,-3.447650
-0.300240,-0.072693,-0.166155,-9.423578,0.536301,-0.689530
-0.293826,-0.135307,-0.116370,-9.806650,-1.225831,-0.153229
-0.346361,-0.025656,-0.043066,-8.734048,4.137180,-4.673482
-0.257174,-0.048564,-0.129809,-10.189722,1.685518,-2.375048
-0.241292,-0.069944,-0.038485,-8.810662,0.995988,-2.758120
-0.197004,-0.004887,0.005803,-7.661445,0.919373,-0.995988
-0.224493,0.008552,-0.008552,-8.810662,-1.149217,0.459687
-0.094073,0.006109,-0.014966,-11.262325,1.225831,-2.834735
-0.094073,-0.023824,-0.040623,-10.726023,1.225831,-1.072602
-0.048258,0.051007,-0.094379,-11.262325,0.076614,-0.689530
-0.023518,0.037874,-0.123395,-9.576807,-0.383072,-4.596867
0.032376,-0.038485,-0.079718,-9.500192,-0.995988,-1.225831
0.018021,-0.047037,-0.051313,-11.492168,-0.229843,-1.225831
0.032681,0.000916,0.022907,-8.887277,-1.302446,-2.911349
0.012523,-0.087354,0.028711,-9.193734,-1.532289,0.076614
-0.023518,-0.032070,0.093768,-9.423578,-0.153229,-1.149217
-0.059254,0.019853,0.070860,-9.117120,0.459687,-2.681506
-0.073304,0.014355,-0.024435,-10.419566,3.141193,-3.294421
-0.063530,0.007330,-0.063225,-8.427590,0.995988,-2.604891
-0.076664,0.053756,-0.138666,-10.726023,1.838747,-0.459687
-0.097433,0.021380,-0.157603,-9.653421,-1.225831,-0.612916
-0.145691,0.089797,-0.044899,-9.346963,-0.766145,-3.983952
-0.203418,0.187841,0.067195,-8.887277,1.455675,-4.137180
-0.253815,0.082467,-0.001527,-9.500192,1.838747,-4.750096
-0.229685,0.016799,-0.072388,-8.044518,4.979939,-5.133168
-0.212887,0.009163,-0.199142,-8.504204,2.911349,-3.754108
-0.211359,0.008247,-0.247400,-8.810662,0.229843,-1.991976
-0.257174,-0.019242,-0.180205,-9.576807,0.229843,-2.221819
-0.314596,-0.046426,-0.135612,-8.504204,0.919373,-2.681506
-0.343306,-0.102625,-0.150273,-7.354988,-1.838747,-0.919373
-0.288023,-0.103542,0.065973,-11.951855,-1.149217,-3.524265
-0.279165,-0.023518,0.053756,-8.734048,0.766145,-0.919373
-0.264810,0.014355,-0.002138,-9.653421,0.919373,-0.919373
-0.096517,0.073609,-0.153938,-7.354988,0.612916,-3.217807
-0.080940,0.002749,-0.169821,-10.036493,-0.153229,-5.746084
-0.025962,-0.062919,-0.177456,-11.415554,-1.532289,-5.516241
-0.015272,-0.066279,-0.136834,-10.036493,-1.072602,-3.371036
-0.001527,-0.031154,-0.065668,-9.653421,-1.379060,-2.298434
0.010690,-0.013744,-0.019242,-11.492168,-2.987964,-0.919373
0.001527,0.034208,0.089186,-8.810662,-2.068590,-1.915361
0.045509,0.080940,0.057116,-7.738060,-0.536301,-3.064578
0.106291,0.068417,0.055894,-10.649409,-1.608904,-2.758120
0.092546,0.041233,0.053145,-11.415554,-1.379060,-1.838747
0.142942,-0.050396,0.046120,-9.806650,-1.302446,0.076614
0.188452,0.027184,-0.032070,-11.338939,-0.842759,-2.068590
0.277638,0.131641,-0.096211,-8.427590,-1.225831,-0.536301
0.306654,0.089797,-0.111177,-10.189722,-2.528277,-4.137180
0.368046,0.053145,-0.091630,-6.205771,-1.685518,-3.830723
0.369573,0.034514,0.018326,-8.121132,-4.213795,-3.371036
0.312458,-0.124006,0.227547,-9.270349,-3.754108,-3.830723
0.207083,-0.070250,0.227547,-8.887277,-2.145205,0.766145
0.129809,-0.029932,0.257785,-11.798626,1.685518,-2.911349
0.128587,-0.014050,0.056505,-8.580819,1.685518,-2.987964
0.072693,-0.003665,0.039095,-9.423578,2.068590,-1.149217
0.076358,0.005803,-0.000000,-9.653421,0.842759,-2.451662
0.013134,-0.087048,-0.029016,-8.580819,-2.604891,-0.612916
-0.094073,-0.019548,0.128282,-8.580819,-2.604891,-0.612916
-0.106901,-0.047342,0.048258,-6.895301,2.221819,0.229843
-0.109956,-0.032987,0.148440,-8.580819,-1.838747,-1.455675
-0.107512,-0.141415,0.032070,-10.649409,-0.229843,-1.762132
-0.112399,-0.058643,-0.047953,-12.488156,1.149217,-0.459687
-0.076664,0.014355,-0.125838,-7.967903,0.229843,-3.217807
0.017715,0.073915,-0.182343,-12.488156,0.306458,-4.137180
0.022907,0.082772,-0.126144,-7.354988,-1.915361,-1.762132
0.012217,0.035125,-0.028100,-10.266337,-3.371036,-4.290409
-0.042150,0.033292,0.087965,-9.117120,1.072602,-4.520253
-0.079107,-0.000611,0.121562,-10.955867,2.145205,-1.838747
0.014355,0.038790,0.077274,-7.661445,1.302446,-1.608904
0.076664,-0.031460,0.037263,-10.879252,-0.995988,-3.141193
0.131336,-0.022602,0.031460,-10.802638,3.141193,1.302446
0.157909,-0.033598,-0.069639,-10.419566,-0.689530,-4.367024
0.206167,-0.014050,-0.038485,-8.197746,0.306458,-3.217807
0.172875,-0.026267,-0.027184,-10.419566,-2.604891,2.451662
0.229074,0.074526,-0.021380,-12.871228,-0.842759,-2.911349
0.250760,-0.055894,-0.036957,-10.266337,-3.294421,-4.596867
0.315206,-0.014966,0.068417,-6.742072,-3.371036,-3.217807
0.300851,0.039401,0.029016,-9.346963,0.842759,-2.911349
0.298713,-0.030543,0.123089,-12.028469,-2.298434,-4.826711
0.309709,0.018326,0.094684,-5.899313,-0.306458,-1.379060
0.145386,-0.049786,0.132252,-11.032481,-2.911349,-3.677494
0.161574,-0.082772,0.111483,-12.258312,0.842759,-3.217807
0.138056,-0.010996,0.085827,-9.883264,0.995988,-1.915361
0.107818,0.014661,0.103542,-8.274361,0.689530,-1.149217
0.089797,0.000916,0.046120,-8.734048,-2.068590,0.536301
0.063835,-0.013744,-0.007941,-9.883264,3.217807,-4.750096
0.072082,-0.064752,-0.046120,-10.036493,1.072602,-3.217807
-0.011301,-0.051313,-0.001222,-8.963891,0.153229,-1.838747
-0.043677,-0.023518,0.047037,-11.262325,0.536301,-1.225831
0.001527,0.018937,-0.088881,-9.806650,1.838747,-1.762132
0.026267,0.072998,-0.079107,-8.197746,-0.766145,-0.919373
0.049786,0.056200,-0.079107,-10.726023,-1.455675,-1.379060
0.053756,0.032376,-0.084605,-7.125144,-2.528277,-0.536301
0.039095,0.031460,-0.022602,-11.262325,1.225831,-0.383072
0.009774,-0.036652,-0.059865,-12.717999,-1.149217,-2.528277
0.017104,0.065363,0.053451,-11.262325,0.153229,-2.221819
-0.029627,-0.027794,0.066890,-9.270349,-1.149217,-2.528277
-0.008552,-0.014661,0.115454,-11.109096,0.153229,-2.145205
0.001222,0.021991,0.048564,-11.415554,2.604891,-4.060566
-0.000916,-0.000611,-0.009468,-8.121132,0.459687,-2.987964
0.049480,0.019548,-0.110261,-13.177686,1.608904,-1.225831
0.056505,-0.007025,-0.080940,-10.113108,0.229843,-0.229843
0.013744,0.011301,-0.005498,-11.109096,0.153229,-2.758120
0.043371,-0.012828,-0.052229,-11.568782,0.229843,-1.991976
0.024740,0.056505,0.102625,-10.342951,-3.217807,-3.600879
0.051007,0.042150,0.116370,-7.967903,-0.689530,-4.060566
0.088881,-0.010996,0.064141,-7.814674,-0.000000,-0.459687
0.156382,-0.075136,-0.021991,-6.205771,-4.290409,1.225831
0.277027,-0.011606,-0.017410,-12.947843,0.459687,-5.592855
0.288939,0.001222,-0.101404,-10.496180,-0.459687,-0.842759
0.266032,0.114843,-0.065057,-10.496180,-0.459687,-0.842759
0.316734,-0.004276,-0.004887,-10.726023,-4.137180,-5.133168
0.349109,0.025656,0.010690,-9.346963,-2.145205,-2.758120
0.363159,0.011606,0.085521,-8.734048,-2.068590,-3.141193
0.353691,0.059559,0.102014,-8.580819,-2.911349,-3.830723
0.385456,-0.014966,0.159436,-11.415554,-4.443638,-2.221819
0.434936,-0.007330,0.134390,-11.415554,-0.919373,-3.907337
0.467617,-0.015577,0.081551,-10.342951,-5.133168,-2.451662
0.416305,-0.042761,0.109039,-11.185710,-3.064578,-4.060566
0.497244,-0.020159,0.094379,-6.205771,-3.907337,-0.995988
0.528093,0.127671,0.134390,-11.415554,-1.379060,-2.758120
0.554360,0.012828,0.068111,-11.262325,-2.145205,-4.443638
0.571464,-0.000000,0.146608,-10.802638,-4.060566,-4.520253
0.536951,0.056200,0.127976,-7.125144,-3.217807,-2.681506
0.409280,-0.045204,0.305127,-11.185710,-2.987964,-2.681506
0.368352,-0.044288,0.289856,-11.415554,-1.685518,-2.758120
0.420886,-0.130114,0.185703,-10.036493,1.762132,-2.758120
0.330478,-0.082772,0.107512,-12.488156,-0.995988,-4.137180
0.344528,-0.039401,0.051313,-8.810662,-0.383072,-2.604891
0.302989,0.030849,0.051313,-11.185710,0.229843,-4.367024
0.241903,0.024740,0.010690,-6.512229,0.459687,-1.455675
0.163101,-0.050702,0.076053,-14.403517,-1.532289,-0.919373
0.132252,-0.068417,0.099571,-8.504204,2.604891,-0.919373
0.130725,0.005803,0.007330,-9.270349,-1.685518,-0.995988
0.058032,0.012828,0.049175,-11.645397,1.149217,-3.447650
0.025351,-0.043982,0.008858,-11.109096,-0.306458,-2.221819
0.003665,-0.012828,0.014966,-8.887277,1.532289,-3.217807
0.008858,0.027489,-0.088881,-9.883264,1.455675,-2.528277
-0.037874,-0.021075,-0.019242,-8.810662,-0.536301,0.000000
-0.055589,0.055589,0.018021,-11.415554,2.987964,-1.532289
-0.068111,-0.032376,-0.001833,-10.496180,0.842759,-4.826711
-0.039095,-0.049480,0.002749,-8.197746,-0.919373,-2.375048
0.063225,0.005192,-0.089186,-10.113108,0.842759,-2.298434
0.001833,0.062919,-0.005803,-7.048530,-2.068590,-0.766145
0.094684,0.028711,-0.010996,-8.427590,0.306458,-3.294421
0.094990,-0.015577,-0.069028,-8.734048,-1.455675,-3.830723
0.132863,0.022907,-0.061087,-9.806650,-1.072602,-4.520253
0.207389,-0.003054,-0.076969,-8.657433,-1.149217,-6.205771
0.220828,0.046426,-0.015577,-6.665457,-2.451662,-2.604891
0.182038,0.069944,0.081856,-8.197746,-1.072602,-4.596867
0.189063,0.072693,0.063225,-10.419566,-1.685518,-4.060566
0.200669,0.014355,0.143553,-9.883264,0.612916,-4.750096
0.261756,-0.012217,0.052840,-8.044518,1.455675,-3.907337
0.267864,-0.018937,0.010690,-8.734048,-0.076614,-2.528277
0.320093,-0.047647,0.046120,-8.427590,-1.685518,-1.302446
0.312763,-0.000611,0.010690,-8.657433,-2.375048,-1.915361
0.394924,0.007636,0.003360,-8.504204,-2.451662,-3.447650
0.448375,-0.033598,0.035125,-10.266337,-0.766145,-3.294421
0.428522,-0.016799,0.035125,-8.197746,-2.451662,-4.367024
0.346971,-0.013134,0.187536,-8.197746,-2.451662,-4.367024
0.256258,0.015577,0.197004,-11.109096,1.532289,-3.217807
0.263283,-0.003971,0.202502,-10.496180,1.302446,-3.371036
0.213803,0.045509,0.205556,-9.576807,-0.459687,-1.302446
0.188757,0.080634,0.130114,-11.722011,1.532289,-0.153229
0.167988,0.061087,0.058032,-8.734048,0.229843,-3.677494
0.122784,0.017715,0.104763,-9.653421,-0.612916,-4.290409
0.083994,0.065973,0.056810,-8.427590,0.383072,-3.217807
0.094073,0.010996,0.045509,-10.342951,2.298434,-2.758120
0.087354,0.003971,0.059254,-10.726023,1.991976,-3.371036
0.009774,0.012523,0.039401,-9.423578,1.915361,-2.681506
-0.027489,-0.056200,0.111788,-6.971915,-0.383072,-1.915361
-0.025045,0.029627,-0.000305,-8.580819,2.528277,-1.072602
-0.022602,0.021991,-0.006109,-7.125144,0.306458,-2.604891
-0.043066,0.031460,-0.041233,-9.576807,2.834735,-3.141193
-0.077580,0.027794,-0.151189,-8.274361,1.455675,-1.225831
-0.053756,0.016188,-0.112705,-12.334927,0.536301,-6.205771
-0.020159,-0.052840,-0.124311,-9.423578,-0.766145,-2.604891
0.014050,0.021686,-0.101098,-9.117120,-0.229843,-5.056554
0.032987,-0.002443,-0.115148,-9.117120,-0.383072,-5.209783
0.027489,0.087354,-0.037263,-12.717999,0.306458,-7.278373
0.015882,0.017104,-0.017410,-6.359000,0.153229,-9.193734
0.009774,0.014661,-0.005192,-8.810662,-0.076614,-6.895301
0.035736,0.010690,0.016188,-8.504204,-0.000000,-7.967903
0.012217,-0.007636,0.011606,-9.270349,1.302446,-6.895301
0.000000,-0.015272,-0.009163,-10.036493,0.076614,-4.673482
-0.001527,-0.098655,0.020464,-9.576807,0.766145,-1.762132
-0.011606,-0.074831,0.034208,-10.496180,0.153229,-1.608904
-0.001833,-0.015272,0.025962,-10.802638,0.153229,-1.455675
-0.000305,-0.011301,0.022602,-8.810662,0.612916,-2.298434
0.009163,-0.006414,0.006414,-9.576807,0.306458,-1.762132
0.013134,0.001222,-0.016188,-9.270349,0.383072,-2.911349
0.010079,0.000611,-0.016493,-9.193734,0.383072,-3.907337
0.010079,-0.010690,-0.005803,-9.576807,-0.000000,-2.298434
0.006109,-0.009163,-0.000305,-9.576807,0.383072,-2.834735
0.006720,-0.006720,-0.007941,-9.806650,0.153229,-2.451662
0.007941,-0.003054,-0.002749,-9.193734,0.153229,-2.681506
0.008247,-0.004887,-0.007636,-9.730036,0.612916,-2.834735
0.007636,0.001833,-0.005498,-10.189722,0.459687,-2.604891
0.010079,-0.010690,-0.007025,-9.806650,0.459687,-2.375048
0.007330,-0.003971,-0.004276,-9.576807,-0.000000,-2.298434
0.006720,-0.002443,-0.006720,-9.883264,0.306458,-2.221819
0.008247,-0.005803,-0.007636,-10.036493,0.306458,-1.915361
0.006720,-0.014966,-0.009163,-10.266337,0.766145,-2.298434
0.011301,0.024740,-0.005498,-7.967903,0.153229,-3.830723
0.008552,-0.018021,-0.004581,-8.887277,0.766145,-2.604891
0.014966,-0.006109,-0.007941,-11.185710,0.459687,-3.141193
0.007941,0.003665,-0.009163,-9.270349,0.383072,-3.141193
0.003971,0.009468,-0.013134,-8.810662,0.076614,-3.064578
0.008247,0.008247,-0.004887,-8.504204,0.229843,-3.064578
-0.000305,0.007330,-0.006720,-10.266337,0.076614,-2.451662
0.004887,-0.017410,0.001833,-9.423578,0.229843,-1.608904
0.009468,-0.001527,-0.003971,-9.653421,-0.000000,-2.451662
0.011606,-0.004581,-0.006720,-9.883264,0.383072,-2.298434
0.008552,-0.005192,-0.007025,-8.734048,0.229843,-3.600879
0.007941,-0.010996,-0.008858,-9.117120,0.153229,-2.834735
0.009468,0.003360,-0.008552,-8.657433,0.229843,-2.298434
0.013439,-0.037568,-0.000916,-12.105084,0.306458,-2.145205
0.015272,-0.019548,-0.000305,-10.802638,0.995988,-0.842759
0.014661,-0.037874,-0.010385,-8.350975,0.536301,-2.068590
0.018631,0.014661,-0.011912,-8.427590,0.306458,-3.141193
0.008552,0.035430,-0.042455,-10.726023,0.995988,-4.750096
0.010690,0.008552,-0.018021,-9.270349,-0.229843,-3.830723
0.005498,-0.017104,-0.000000,-9.730036,-0.153229,-2.758120
-0.006720,-0.027794,-0.002138,-10.113108,-0.000000,-1.838747
0.002443,-0.016188,0.013744,-9.653421,0.383072,-1.455675
0.007330,-0.002443,0.008552,-9.653421,0.536301,-1.379060
0.010690,0.023824,-0.016188,-8.810662,0.229843,-4.060566
0.010996,-0.014966,-0.013439,-9.117120,0.536301,-3.754108
0.007330,0.000916,-0.010079,-9.576807,0.306458,-3.294421
0.004887,-0.002443,-0.007636,-9.959879,-0.000000,-2.834735
0.005803,-0.001222,-0.002443,-9.576807,0.153229,-2.221819
0.002443,-0.005192,-0.004276,-8.887277,-0.076614,-2.604891
0.007330,0.001527,-0.007636,-9.193734,-0.076614,-2.604891
0.006720,-0.001833,-0.010385,-10.266337,0.612916,-2.298434
0.011606,-0.014966,-0.010079,-10.036493,0.459687,-2.068590
0.007636,0.006109,-0.009163,-9.576807,0.229843,-2.451662
0.007636,-0.007636,-0.005803,-9.576807,0.459687,-2.528277
0.007636,-0.005498,-0.005803,-10.189722,0.229843,-1.838747
0.008552,-0.011606,-0.010079,-10.726023,0.306458,-2.451662
0.004887,0.020159,-0.010996,-6.895301,0.076614,-3.141193
0.010690,-0.037874,-0.003665,-7.584831,0.153229,-2.681506
0.009774,-0.007025,-0.007330,-9.270349,0.076614,-2.298434
0.007941,0.006414,-0.009774,-10.649409,0.229843,-3.983952
0.003054,0.021380,-0.009774,-9.806650,0.766145,-4.060566
0.003665,0.030238,0.003971,-8.810662,0.076614,-4.979939
0.003054,-0.008858,-0.011301,-9.576807,-0.000000,-3.217807
0.005498,-0.008858,-0.012217,-9.883264,0.229843,-2.375048
0.011912,-0.003054,-0.008247,-8.657433,-0.229843,-3.294421
0.018021,0.012828,0.000305,-8.734048,0.689530,-4.060566
0.014966,0.018021,-0.000000,-10.036493,0.689530,-3.754108
-0.009163,-0.035736,-0.012217,-9.117120,0.689530,-3.830723
0.001833,-0.036041,-0.000000,-9.730036,-0.766145,-3.141193
0.020769,0.011301,0.030849,-9.117120,0.612916,-4.367024
-0.005803,-0.015272,0.015577,-9.270349,0.536301,-3.600879
-0.013439,-0.018937,0.029627,-9.346963,-0.229843,-2.911349
0.001527,-0.004887,-0.015272,-9.040505,1.762132,-3.294421
0.008247,-0.031460,-0.029322,-9.576807,0.995988,-4.903325
0.012828,-0.023213,0.003971,-9.653421,0.536301,-1.302446
0.001222,0.004276,0.001527,-9.959879,0.919373,-3.064578
-0.006720,0.010690,-0.015577,-10.649409,-0.229843,-3.141193
0.007330,-0.011606,0.062308,-8.810662,1.455675,-1.225831
-0.001222,-0.056200,0.080940,-10.036493,1.379060,-2.221819
-0.012828,0.009163,0.002443,-9.959879,1.991976,-1.608904
-0.006720,-0.014966,0.028405,-9.806650,0.229843,-1.915361
0.007025,-0.015577,-0.004581,-10.649409,0.536301,-1.685518
-0.003054,0.005192,-0.007636,-9.806650,0.995988,-0.842759
-0.013744,0.012217,0.002443,-8.734048,0.689530,-1.685518
-0.000611,-0.018021,-0.010996,-10.496180,0.612916,-1.225831
0.016188,-0.027184,-0.004276,-10.649409,0.842759,-2.528277
0.018937,-0.005803,-0.008858,-9.576807,0.766145,-1.685518
-0.002749,0.018937,-0.014050,-9.346963,0.612916,-2.375048
0.001222,-0.000000,-0.017410,-9.730036,0.306458,-1.608904
0.002749,-0.012828,0.002443,-8.810662,0.459687,-2.987964
0.001833,-0.016799,-0.021991,-10.726023,0.842759,-1.532289
0.004276,-0.006720,-0.029932,-11.338939,1.072602,-0.919373
0.014966,0.022297,-0.030238,-11.262325,0.766145,-1.915361
0.015882,-0.012217,-0.031765,-7.967903,0.689530,-2.221819
0.003054,-0.025351,-0.023213,-11.722011,0.229843,-2.375048
0.003971,-0.029627,-0.007941,-10.496180,-0.153229,-2.911349
0.008552,-0.000000,0.004276,-9.500192,0.995988,-2.911349
0.002138,-0.005192,0.003054,-9.959879,0.919373,-3.294421
0.012217,0.017104,-0.004276,-8.810662,0.229843,-3.754108
0.009774,0.026878,-0.007941,-9.117120,1.149217,-4.520253
0.011912,0.016799,-0.019242,-9.117120,1.149217,-4.520253
0.000305,-0.007941,-0.021991,-9.576807,0.766145,-4.367024
0.012217,-0.012217,-0.024129,-9.806650,0.995988,-2.911349
0.004581,0.000611,0.004887,-9.500192,0.076614,-3.294421
-0.002443,0.013744,-0.000611,-9.653421,0.919373,-2.911349
-0.004581,-0.004887,-0.009468,-9.423578,0.689530,-3.217807
0.004887,0.003360,-0.025351,-9.500192,1.072602,-2.758120
0.014661,0.002443,-0.039095,-9.346963,1.149217,-2.604891
0.010996,0.012217,-0.045509,-8.657433,-0.766145,-3.830723
0.003360,0.003054,-0.048564,-9.653421,-0.383072,-3.447650
0.015882,-0.020769,-0.018021,-10.342951,0.459687,-3.064578
0.007025,-0.016188,0.005498,-9.806650,0.842759,-4.213795
-0.006109,-0.010079,0.015272,-9.653421,0.842759,-3.677494
-0.000611,-0.012523,-0.020159,-8.734048,0.766145,-2.681506
0.011912,-0.029322,-0.018021,-9.040505,1.072602,-2.375048
0.016188,-0.015272,-0.055894,-8.963891,0.383072,-1.379060
0.007330,-0.021991,-0.041844,-9.193734,-0.229843,-1.379060
0.006414,-0.034208,-0.019548,-10.572795,-0.000000,-0.612916
-0.003971,-0.011301,-0.000916,-8.963891,-0.229843,-1.225831
0.000611,0.014966,0.025045,-10.726023,0.153229,-0.919373
0.003360,-0.013744,0.014966,-10.189722,0.536301,-1.762132
0.010996,-0.020464,-0.033292,-8.657433,0.536301,-2.834735
0.018937,-0.005192,-0.051313,-10.036493,0.383072,-2.145205
0.028711,-0.013744,-0.056200,-9.806650,0.383072,-1.838747
0.018326,-0.014966,-0.053756,-9.959879,0.153229,-0.536301
0.017104,-0.014355,-0.048869,-10.113108,-0.076614,-0.612916
0.009468,-0.005498,-0.006109,-9.806650,-0.459687,-1.072602
0.006720,0.035125,0.003360,-9.959879,0.306458,-3.294421
0.002443,0.038179,0.012523,-9.730036,0.076614,-3.371036
0.006109,0.006414,0.014966,-9.500192,0.383072,-2.604891
0.006109,-0.011606,-0.006109,-9.653421,0.383072,-2.987964
0.006720,-0.000916,-0.011606,-9.346963,0.229843,-2.987964
0.009774,0.003665,-0.013134,-10.189722,0.536301,-2.145205
0.005498,-0.005803,-0.008858,-9.653421,0.229843,-2.681506
0.011606,0.002138,-0.007941,-9.806650,0.306458,-2.528277
0.007636,-0.013744,-0.001833,-9.883264,-0.000000,-2.758120
0.007025,0.003360,-0.006414,-9.040505,-0.000000,-2.834735
0.006414,-0.004887,-0.003360,-9.193734,-0.229843,-2.604891
0.011606,-0.005803,-0.005803,-9.346963,-0.153229,-2.681506
0.011301,-0.005192,-0.005498,-10.113108,0.229843,-2.681506
0.007636,-0.007636,-0.003360,-10.113108,0.229843,-2.681506
0.008247,0.000305,-0.005192,-9.423578,0.229843,-2.758120
0.006414,0.001222,-0.006414,-9.959879,0.612916,-2.681506
0.010385,-0.000916,-0.006414,-9.346963,-0.229843,-2.145205
0.009163,-0.001527,-0.008552,-9.653421,-0.076614,-2.375048
0.008858,-0.000305,-0.007025,-9.576807,-0.153229,-2.758120
0.009774,0.004581,-0.004276,-8.887277,0.459687,-3.294421
0.009468,0.006414,-0.010690,-9.117120,0.383072,-3.294421
0.007025,0.003054,-0.009774,-9.270349,0.306458,-2.987964
0.008858,-0.009468,-0.003665,-9.423578,0.076614,-2.604891
0.007025,-0.003054,-0.008858,-9.500192,-0.000000,-2.834735
0.006414,-0.003665,-0.005803,-9.423578,-0.076614,-2.528277
0.010385,0.008552,-0.004581,-10.036493,0.383072,-2.528277
0.006720,0.005803,-0.005803,-9.346963,-0.000000,-2.451662
0.005498,-0.000305,-0.006109,-9.653421,0.076614,-2.681506
0.003971,0.002749,-0.008247,-9.576807,-0.000000,-2.221819
0.007025,-0.008858,-0.008858,-9.576807,0.153229,-2.681506
0.007941,0.002138,-0.007941,-9.423578,0.153229,-2.681506
0.010690,0.000611,-0.009163,-9.806650,0.459687,-2.681506
0.007636,0.005192,-0.005498,-8.734048,-0.076614,-1.838747
0.005803,-0.013134,-0.005498,-8.580819,0.459687,-1.838747
0.004581,-0.000000,-0.005498,-9.576807,-0.153229,-2.068590
0.009774,0.033598,-0.003054,-6.818686,0.076614,-3.754108
0.012828,0.013744,-0.008858,-11.032481,-0.229843,-3.830723
0.010385,-0.000611,-0.012828,-9.193734,-0.000000,-3.830723
0.014355,-0.013439,-0.019548,-9.883264,0.229843,-3.907337
0.008858,-0.014966,-0.008247,-9.730036,0.383072,-2.834735
0.013439,-0.019853,-0.017410,-9.806650,0.076614,-3.371036
0.003360,-0.034819,-0.003971,-9.653421,-0.076614,-2.528277
0.000916,-0.030849,-0.003054,-9.576807,0.229843,-2.758120
0.009468,-0.005498,-0.028405,-10.189722,0.612916,-2.298434
0.017104,-0.023824,-0.026573,-9.500192,0.306458,-2.221819
0.018937,-0.003665,-0.030543,-9.576807,0.153229,-1.762132
0.012828,-0.011301,-0.027794,-9.959879,-0.000000,-1.608904
0.008858,0.006109,-0.014966,-8.657433,-0.306458,-2.145205
0.004276,0.018631,0.002138,-9.500192,-0.000000,-1.532289
0.007025,-0.017410,0.010079,-11.032481,0.153229,-1.762132
0.006720,0.003054,0.000611,-8.810662,0.153229,-2.298434
0.005192,-0.030238,0.000916,-9.653421,0.306458,-1.762132
0.010079,0.011606,-0.006414,-9.883264,0.153229,-1.225831
0.010690,0.006414,-0.009774,-10.036493,-0.383072,-1.455675
0.006109,-0.002749,-0.011606,-10.036493,-0.383072,-1.455675
0.003971,-0.000000,-0.011912,-9.346963,-0.076614,-3.294421
0.004581,0.002138,-0.009468,-8.350975,-0.306458,-4.213795
0.004276,0.022297,-0.012523,-10.802638,0.383072,-3.677494
0.003360,-0.017715,-0.014050,-8.963891,0.229843,-3.447650
0.006720,-0.017715,-0.022602,-10.113108,0.153229,-2.221819
0.011301,-0.009774,-0.012828,-9.346963,0.383072,-3.294421
0.014050,-0.003665,-0.021686,-9.576807,-0.000000,-3.524265
0.014355,-0.000916,-0.028711,-8.810662,-0.153229,-3.294421
0.013134,0.008858,-0.021380,-8.810662,-0.153229,-3.294421
0.007941,-0.009163,-0.012523,-9.117120,-0.536301,-3.983952
0.007330,-0.000611,-0.003971,-9.576807,0.229843,-2.758120
0.002749,-0.003665,0.001527,-10.189722,0.229843,-3.294421
-0.001527,-0.013439,-0.001222,-9.117120,-0.229843,-3.907337
0.003971,0.002749,-0.009774,-8.580819,0.612916,-3.447650
0.005498,0.013744,-0.017410,-9.346963,0.076614,-2.604891
-0.006720,-0.046120,-0.000611,-9.883264,0.689530,-1.608904
-0.018937,-0.038179,0.000611,-10.879252,0.076614,-0.766145
0.000000,-0.011301,0.029932,-8.810662,-0.000000,-1.685518
0.000305,0.007941,0.036957,-10.802638,-0.153229,-0.536301
-0.007330,0.002443,0.037568,-9.346963,-0.000000,-1.685518
-0.002138,0.007330,0.021075,-9.193734,0.766145,-2.911349
0.000305,-0.006720,0.010690,-9.193734,0.612916,-3.141193
0.009163,-0.014355,-0.007941,-9.653421,0.229843,-1.915361
0.007330,0.000611,-0.016493,-9.959879,-0.306458,-1.991976
0.006414,-0.014661,0.009163,-9.730036,0.076614,-1.762132
0.011301,-0.008858,-0.002749,-9.193734,0.153229,-1.915361
-0.007025,0.003360,0.007636,-10.342951,0.229843,-1.225831
0.006109,-0.008858,0.007025,-10.266337,0.766145,-0.689530
0.005192,-0.014355,0.008247,-10.266337,0.383072,-0.766145
